from	to	weight
1	1	3	0.595518207282913
2	1	10	0.503081232492997
3	1	12	0.580112044817927
4	1	14	0.895238095238095
5	1	19	0.599719887955182
6	1	23	0.735854341736695
7	1	24	0.693557422969188
8	1	26	0.505042016806723
9	1	27	0.711484593837535
10	1	30	0.684033613445378
11	1	34	0.73781512605042
12	1	40	0.743417366946779
13	1	41	0.525490196078432
14	1	42	0.671988795518207
15	1	45	0.673109243697479
16	1	46	0.796638655462185
17	1	50	0.527170868347339
18	1	51	0.815406162464986
19	1	58	0.612324929971989
20	1	60	0.738375350140056
21	1	73	0.74453781512605
22	1	81	0.545658263305322
23	1	89	0.579551820728291
24	1	93	0.818207282913165
25	1	95	0.871708683473389
26	1	98	0.506442577030812
27	1	99	0.840336134453782
28	1	104	0.706162464985994
29	1	108	0.723809523809524
30	1	114	0.623529411764706
31	1	116	0.756022408963586
32	1	117	0.669467787114846
33	1	119	0.588795518207283
34	1	120	0.63781512605042
35	1	133	0.652100840336135
36	1	134	0.767787114845939
37	1	138	0.836134453781513
38	1	139	0.668627450980392
39	1	141	0.691596638655462
40	2	5	0.520448179271709
41	2	6	0.622128851540616
42	2	8	0.559103641456583
43	2	11	0.743417366946779
44	2	15	0.770028011204482
45	2	32	0.668347338935574
46	2	35	0.661064425770308
47	2	36	0.646218487394958
48	2	49	0.523249299719888
49	2	55	0.619047619047619
50	2	56	0.659663865546219
51	2	65	0.574509803921569
52	2	67	0.690196078431373
53	2	69	0.633893557422969
54	2	76	0.631932773109244
55	2	96	0.673389355742297
56	2	110	0.690476190476191
57	2	126	0.622408963585434
58	2	128	0.645658263305322
59	2	140	0.67703081232493
60	2	146	0.632773109243698
61	2	147	0.519607843137255
62	3	12	0.638935574229692
63	3	18	0.62436974789916
64	3	27	0.761344537815126
65	3	34	0.60952380952381
66	3	39	0.549299719887955
67	3	42	0.726890756302521
68	3	45	0.581232492997199
69	3	50	0.516526610644258
70	3	51	0.614005602240896
71	3	95	0.507843137254902
72	3	98	0.627450980392157
73	3	108	0.737254901960784
74	3	111	0.632773109243698
75	3	112	0.680952380952381
76	3	117	0.749019607843137
77	3	132	0.565826330532213
78	5	6	0.781232492997199
79	5	8	0.703921568627451
80	5	11	0.625490196078431
81	5	15	0.666386554621849
82	5	28	0.649019607843137
83	5	31	0.631372549019608
84	5	32	0.86218487394958
85	5	35	0.792436974789916
86	5	36	0.729411764705883
87	5	49	0.729411764705883
88	5	55	0.696078431372549
89	5	56	0.577871148459384
90	5	57	0.538655462184874
91	5	62	0.594117647058824
92	5	65	0.529411764705882
93	5	70	0.703081232492997
94	5	71	0.535854341736695
95	5	76	0.646218487394958
96	5	97	0.761904761904762
97	5	102	0.619047619047619
98	5	103	0.584593837535014
99	5	118	0.668347338935574
100	5	126	0.510084033613445
101	5	128	0.559943977591037
102	5	140	0.586834733893557
103	5	146	0.646778711484594
104	5	152	0.510924369747899
105	6	11	0.519047619047619
106	6	15	0.573949579831933
107	6	28	0.85406162464986
108	6	32	0.867226890756303
109	6	35	0.86890756302521
110	6	36	0.765546218487395
111	6	49	0.769747899159664
112	6	54	0.510924369747899
113	6	55	0.930532212885154
114	6	56	0.76890756302521
115	6	57	0.827170868347339
116	6	62	0.73109243697479
117	6	65	0.78655462184874
118	6	67	0.529971988795518
119	6	70	0.643417366946779
120	6	71	0.81624649859944
121	6	76	0.914285714285714
122	6	87	0.651260504201681
123	6	97	0.7703081232493
124	6	101	0.663305322128852
125	6	102	0.787394957983193
126	6	103	0.561624649859944
127	6	118	0.753221288515406
128	6	126	0.7406162464986
129	6	128	0.613725490196078
130	6	140	0.691596638655462
131	6	146	0.691316526610644
132	7	21	0.60140056022409
133	7	25	0.812044817927171
134	7	43	0.509803921568628
135	7	44	0.529971988795518
136	7	137	0.553781512605042
137	8	11	0.807843137254902
138	8	15	0.749859943977591
139	8	16	0.654901960784314
140	8	32	0.70140056022409
141	8	35	0.610644257703081
142	8	49	0.531372549019608
143	8	70	0.715126050420168
144	8	97	0.603641456582633
145	8	140	0.512044817927171
146	8	146	0.54453781512605
147	9	37	0.878711484593838
148	9	38	0.730812324929972
149	9	54	0.605882352941177
150	9	64	0.737535014005602
151	9	74	0.623249299719888
152	9	78	0.725210084033614
153	9	88	0.542016806722689
154	9	107	0.572549019607843
155	10	19	0.670028011204482
156	10	23	0.606442577030812
157	10	24	0.779831932773109
158	10	29	0.521288515406163
159	10	30	0.635014005602241
160	10	31	0.59187675070028
161	10	40	0.83921568627451
162	10	46	0.759103641456583
163	10	48	0.517647058823529
164	10	58	0.733613445378151
165	10	68	0.731372549019608
166	10	77	0.507563025210084
167	10	80	0.605882352941177
168	10	81	0.551820728291317
169	10	89	0.726330532212885
170	10	93	0.624649859943978
171	10	95	0.588515406162465
172	10	99	0.545098039215686
173	10	104	0.550980392156863
174	10	114	0.56358543417367
175	10	116	0.686274509803922
176	10	120	0.596358543417367
177	10	133	0.679271708683474
178	10	134	0.710924369747899
179	10	138	0.635854341736695
180	10	139	0.604201680672269
181	10	141	0.568067226890756
182	11	15	0.9
183	11	16	0.759943977591036
184	11	17	0.687675070028011
185	11	32	0.6703081232493
186	11	35	0.652380952380953
187	11	44	0.669467787114846
188	11	49	0.636694677871149
189	11	63	0.580952380952381
190	11	65	0.559383753501401
191	11	67	0.610644257703081
192	11	69	0.698599439775911
193	11	70	0.587114845938375
194	11	71	0.501680672268908
195	11	90	0.551540616246499
196	11	96	0.649299719887955
197	11	97	0.576750700280112
198	11	100	0.625770308123249
199	11	101	0.517927170868347
200	11	110	0.70140056022409
201	11	126	0.506442577030812
202	11	128	0.521288515406163
203	11	140	0.600840336134454
204	11	146	0.61484593837535
205	11	147	0.532773109243697
206	12	14	0.526050420168067
207	12	23	0.612885154061625
208	12	27	0.646218487394958
209	12	34	0.701680672268908
210	12	53	0.581792717086835
211	12	60	0.504201680672269
212	12	72	0.641736694677871
213	12	73	0.583193277310924
214	12	75	0.512885154061625
215	12	77	0.5406162464986
216	12	81	0.559383753501401
217	12	93	0.538655462184874
218	13	18	0.773669467787115
219	13	20	0.567226890756303
220	13	22	0.567787114845938
221	13	26	0.721008403361345
222	13	41	0.659103641456583
223	13	42	0.668067226890756
224	13	45	0.63109243697479
225	13	48	0.592717086834734
226	13	50	0.688795518207283
227	13	51	0.559663865546219
228	13	52	0.805602240896359
229	13	61	0.719047619047619
230	13	82	0.824649859943978
231	13	84	0.582352941176471
232	13	98	0.76358543417367
233	13	106	0.674509803921569
234	13	108	0.705882352941177
235	13	109	0.756862745098039
236	13	112	0.711484593837535
237	13	114	0.6703081232493
238	13	117	0.518487394957983
239	13	122	0.676470588235294
240	13	130	0.819887955182073
241	13	137	0.561904761904762
242	13	149	0.536974789915966
243	14	19	0.615686274509804
244	14	23	0.68375350140056
245	14	24	0.773109243697479
246	14	27	0.548179271708684
247	14	30	0.618487394957983
248	14	34	0.712605042016807
249	14	40	0.72296918767507
250	14	42	0.570588235294118
251	14	45	0.607563025210084
252	14	46	0.731652661064426
253	14	50	0.520168067226891
254	14	51	0.727170868347339
255	14	58	0.692436974789916
256	14	60	0.814565826330532
257	14	73	0.710924369747899
258	14	81	0.535014005602241
259	14	89	0.540896358543417
260	14	93	0.730252100840336
261	14	95	0.810364145658263
262	14	99	0.735294117647059
263	14	104	0.743977591036415
264	14	108	0.56218487394958
265	14	114	0.539495798319328
266	14	116	0.652941176470588
267	14	117	0.634173669467787
268	14	119	0.641736694677871
269	14	120	0.584033613445378
270	14	129	0.538375350140056
271	14	133	0.63781512605042
272	14	134	0.777871148459384
273	14	138	0.767787114845939
274	14	139	0.667226890756303
275	14	141	0.584593837535014
276	15	16	0.539775910364146
277	15	17	0.749579831932773
278	15	32	0.692436974789916
279	15	35	0.64733893557423
280	15	36	0.531932773109244
281	15	44	0.666106442577031
282	15	49	0.661624649859944
283	15	55	0.51624649859944
284	15	56	0.564145658263305
285	15	63	0.541736694677871
286	15	65	0.542296918767507
287	15	67	0.712885154061625
288	15	69	0.821008403361345
289	15	70	0.628851540616247
290	15	71	0.502801120448179
291	15	76	0.525490196078432
292	15	90	0.561344537815126
293	15	96	0.780672268907563
294	15	97	0.658263305322129
295	15	100	0.641176470588235
296	15	101	0.507282913165266
297	15	110	0.866386554621849
298	15	126	0.542296918767507
299	15	128	0.617366946778712
300	15	140	0.731652661064426
301	15	146	0.58375350140056
302	15	147	0.667787114845939
303	16	44	0.507563025210084
304	17	33	0.675350140056022
305	17	44	0.646498599439776
306	17	47	0.531932773109244
307	17	63	0.813725490196079
308	17	65	0.525770308123249
309	17	67	0.620168067226891
310	17	69	0.718767507002801
311	17	90	0.744257703081233
312	17	96	0.707563025210084
313	17	100	0.811484593837535
314	17	101	0.540056022408964
315	17	110	0.735294117647059
316	17	140	0.506442577030812
317	17	147	0.698319327731093
318	18	20	0.53249299719888
319	18	22	0.64593837535014
320	18	26	0.582913165266106
321	18	41	0.722689075630252
322	18	42	0.647619047619048
323	18	45	0.65406162464986
324	18	50	0.652380952380953
325	18	51	0.668347338935574
326	18	52	0.782352941176471
327	18	60	0.565266106442577
328	18	61	0.661344537815126
329	18	82	0.631372549019608
330	18	84	0.523249299719888
331	18	98	0.673949579831933
332	18	106	0.601680672268908
333	18	108	0.6296918767507
334	18	109	0.729131652661065
335	18	112	0.60672268907563
336	18	114	0.510364145658263
337	18	117	0.523809523809524
338	18	122	0.66358543417367
339	18	124	0.637535014005602
340	18	129	0.597198879551821
341	18	130	0.825770308123249
342	18	137	0.590196078431373
343	18	149	0.71764705882353
344	19	23	0.759943977591036
345	19	24	0.827450980392157
346	19	29	0.547899159663866
347	19	34	0.647058823529412
348	19	40	0.795238095238095
349	19	46	0.80140056022409
350	19	58	0.691036414565826
351	19	72	0.726890756302521
352	19	73	0.731932773109244
353	19	77	0.612605042016807
354	19	81	0.92436974789916
355	19	89	0.690196078431373
356	19	93	0.614565826330532
357	19	95	0.568627450980392
358	19	103	0.520448179271709
359	19	104	0.703081232492997
360	19	116	0.525210084033614
361	19	133	0.722128851540616
362	19	134	0.714005602240896
363	19	138	0.613725490196078
364	19	139	0.604761904761905
365	20	39	0.533053221288516
366	20	41	0.542016806722689
367	20	82	0.53109243697479
368	20	106	0.548459383753501
369	20	130	0.618767507002801
370	21	25	0.649859943977591
371	22	50	0.519887955182073
372	22	52	0.565826330532213
373	22	61	0.65406162464986
374	22	83	0.595798319327731
375	22	109	0.543417366946779
376	22	120	0.533613445378151
377	22	124	0.523249299719888
378	22	130	0.520728291316527
379	22	137	0.517647058823529
380	22	148	0.514565826330532
381	23	24	0.770588235294118
382	23	27	0.584873949579832
383	23	29	0.836134453781513
384	23	30	0.734733893557423
385	23	34	0.629131652661065
386	23	40	0.884033613445378
387	23	46	0.912044817927171
388	23	58	0.642296918767507
389	23	60	0.682352941176471
390	23	68	0.540896358543417
391	23	72	0.803081232492997
392	23	73	0.85406162464986
393	23	77	0.748179271708684
394	23	81	0.764985994397759
395	23	89	0.843697478991597
396	23	93	0.809243697478992
397	23	95	0.65266106442577
398	23	99	0.578991596638656
399	23	104	0.685714285714286
400	23	114	0.538375350140056
401	23	116	0.670028011204482
402	23	133	0.812044817927171
403	23	134	0.676750700280112
404	23	138	0.686834733893558
405	23	139	0.584593837535014
406	23	141	0.617366946778712
407	24	29	0.577591036414566
408	24	30	0.636414565826331
409	24	34	0.540336134453782
410	24	40	0.86218487394958
411	24	46	0.850420168067227
412	24	58	0.905602240896359
413	24	60	0.613165266106443
414	24	68	0.631372549019608
415	24	72	0.579831932773109
416	24	73	0.724649859943978
417	24	81	0.724089635854342
418	24	89	0.742016806722689
419	24	92	0.591316526610644
420	24	93	0.728851540616247
421	24	95	0.72296918767507
422	24	99	0.671988795518207
423	24	104	0.789915966386555
424	24	116	0.741456582633053
425	24	119	0.550700280112045
426	24	120	0.545378151260504
427	24	133	0.824929971988796
428	24	134	0.844817927170868
429	24	138	0.783473389355742
430	24	139	0.709803921568628
431	24	141	0.598039215686275
432	25	37	0.535574229691877
433	25	54	0.643697478991597
434	25	64	0.559383753501401
435	25	66	0.688515406162465
436	25	78	0.566386554621849
437	25	151	0.526330532212885
438	26	42	0.726330532212885
439	26	45	0.643417366946779
440	26	50	0.730812324929972
441	26	51	0.610364145658263
442	26	52	0.707282913165266
443	26	61	0.551260504201681
444	26	82	0.749859943977591
445	26	84	0.554901960784314
446	26	95	0.603641456582633
447	26	98	0.710364145658263
448	26	99	0.678991596638656
449	26	106	0.56358543417367
450	26	108	0.616806722689076
451	26	109	0.621848739495798
452	26	112	0.521848739495798
453	26	114	0.727731092436975
454	26	116	0.604201680672269
455	26	117	0.599159663865546
456	26	119	0.628851540616247
457	26	122	0.605602240896359
458	26	129	0.592997198879552
459	26	130	0.680112044817927
460	26	138	0.587114845938375
461	27	34	0.759103641456583
462	27	41	0.577871148459384
463	27	42	0.601120448179272
464	27	45	0.698039215686275
465	27	46	0.539775910364146
466	27	51	0.512044817927171
467	27	72	0.654901960784314
468	27	73	0.553781512605042
469	27	93	0.728011204481793
470	27	95	0.703361344537815
471	27	98	0.5406162464986
472	27	99	0.650700280112045
473	27	108	0.667226890756303
474	27	112	0.654341736694678
475	27	116	0.542296918767507
476	27	117	0.569187675070028
477	27	123	0.543137254901961
478	27	133	0.533613445378151
479	27	138	0.590196078431373
480	28	32	0.800280112044818
481	28	35	0.813725490196079
482	28	36	0.603921568627451
483	28	47	0.542296918767507
484	28	49	0.815126050420168
485	28	53	0.557142857142857
486	28	55	0.855742296918768
487	28	56	0.784593837535014
488	28	57	0.825490196078431
489	28	62	0.518207282913165
490	28	65	0.840896358543417
491	28	67	0.573109243697479
492	28	70	0.666946778711485
493	28	71	0.749019607843137
494	28	76	0.81484593837535
495	28	87	0.733333333333333
496	28	96	0.550700280112045
497	28	97	0.804761904761905
498	28	101	0.872549019607843
499	28	102	0.64733893557423
500	28	103	0.682633053221289
501	28	118	0.596358543417367
502	28	126	0.793837535014006
503	28	128	0.643137254901961
504	28	140	0.653781512605042
505	28	146	0.510364145658263
506	28	147	0.542577030812325
507	29	30	0.674509803921569
508	29	38	0.504201680672269
509	29	40	0.715406162464986
510	29	41	0.5703081232493
511	29	46	0.738655462184874
512	29	58	0.500560224089636
513	29	68	0.610924369747899
514	29	72	0.708683473389356
515	29	73	0.639775910364146
516	29	77	0.8
517	29	81	0.541736694677871
518	29	89	0.847619047619048
519	29	93	0.68515406162465
520	29	114	0.505602240896359
521	29	116	0.561344537815126
522	29	133	0.678151260504202
523	29	138	0.540336134453782
524	30	38	0.742577030812325
525	30	40	0.826050420168067
526	30	41	0.597478991596639
527	30	46	0.830252100840336
528	30	51	0.51624649859944
529	30	58	0.666386554621849
530	30	60	0.710924369747899
531	30	68	0.650980392156863
532	30	73	0.684033613445378
533	30	74	0.529411764705882
534	30	88	0.678711484593838
535	30	89	0.750420168067227
536	30	93	0.771428571428572
537	30	95	0.614285714285714
538	30	99	0.661624649859944
539	30	104	0.578991596638656
540	30	114	0.817366946778712
541	30	116	0.75406162464986
542	30	120	0.6296918767507
543	30	133	0.72436974789916
544	30	134	0.703361344537815
545	30	138	0.73109243697479
546	30	141	0.73109243697479
547	31	32	0.559663865546219
548	31	35	0.53109243697479
549	31	62	0.762464985994398
550	31	68	0.60672268907563
551	31	80	0.618207282913165
552	31	102	0.617086834733894
553	31	118	0.789635854341737
554	32	35	0.934453781512605
555	32	36	0.72436974789916
556	32	49	0.773109243697479
557	32	55	0.812324929971989
558	32	56	0.684033613445378
559	32	57	0.704481792717087
560	32	62	0.586834733893557
561	32	65	0.673949579831933
562	32	70	0.840336134453782
563	32	71	0.683193277310924
564	32	76	0.765546218487395
565	32	87	0.556582633053221
566	32	96	0.571428571428572
567	32	97	0.853221288515406
568	32	101	0.71484593837535
569	32	102	0.59859943977591
570	32	103	0.659663865546219
571	32	110	0.504761904761905
572	32	118	0.7
573	32	126	0.726330532212885
574	32	128	0.635574229691877
575	32	140	0.703641456582633
576	32	146	0.699719887955182
577	33	39	0.590756302521009
578	33	47	0.659383753501401
579	33	63	0.724929971988796
580	33	75	0.650140056022409
581	33	85	0.625770308123249
582	33	90	0.77703081232493
583	33	96	0.552380952380952
584	33	100	0.7296918767507
585	33	111	0.68655462184874
586	33	123	0.60812324929972
587	33	147	0.520168067226891
588	34	40	0.597759103641457
589	34	45	0.603921568627451
590	34	46	0.613725490196078
591	34	60	0.510924369747899
592	34	72	0.593557422969188
593	34	73	0.605042016806723
594	34	81	0.689075630252101
595	34	89	0.535854341736695
596	34	93	0.667226890756303
597	34	95	0.647619047619048
598	34	99	0.554341736694678
599	34	116	0.508683473389356
600	34	117	0.513165266106443
601	34	133	0.503921568627451
602	34	138	0.573109243697479
603	35	36	0.763865546218487
604	35	49	0.803921568627451
605	35	55	0.840336134453782
606	35	56	0.695238095238095
607	35	57	0.78515406162465
608	35	62	0.619887955182073
609	35	65	0.747619047619048
610	35	67	0.548459383753501
611	35	70	0.766106442577031
612	35	71	0.792156862745098
613	35	76	0.798879551820728
614	35	87	0.65266106442577
615	35	96	0.556862745098039
616	35	97	0.871988795518207
617	35	101	0.710364145658263
618	35	102	0.643697478991597
619	35	103	0.652100840336135
620	35	118	0.734453781512605
621	35	126	0.782633053221289
622	35	128	0.641176470588235
623	35	140	0.648179271708684
624	35	146	0.736414565826331
625	36	49	0.621288515406163
626	36	55	0.784593837535014
627	36	56	0.733333333333333
628	36	57	0.685714285714286
629	36	65	0.559103641456583
630	36	66	0.637254901960784
631	36	67	0.618207282913165
632	36	71	0.500560224089636
633	36	76	0.78515406162465
634	36	80	0.54593837535014
635	36	97	0.660224089635854
636	36	102	0.678151260504202
637	36	118	0.615966386554622
638	36	126	0.640056022408964
639	36	128	0.641456582633053
640	36	140	0.536134453781513
641	36	146	0.591596638655462
642	37	38	0.697759103641457
643	37	54	0.627450980392157
644	37	64	0.771988795518207
645	37	74	0.656862745098039
646	37	78	0.776470588235294
647	37	88	0.552380952380952
648	37	107	0.589075630252101
649	38	40	0.517647058823529
650	38	41	0.525210084033614
651	38	54	0.556862745098039
652	38	59	0.517086834733894
653	38	64	0.653501400560224
654	38	74	0.749859943977591
655	38	78	0.50952380952381
656	38	88	0.718207282913165
657	38	89	0.608963585434174
658	38	107	0.698599439775911
659	38	114	0.643137254901961
660	38	120	0.540896358543417
661	38	141	0.534733893557423
662	39	63	0.676750700280112
663	39	75	0.626890756302521
664	39	90	0.576470588235294
665	39	106	0.51484593837535
666	39	112	0.723529411764706
667	39	123	0.842296918767507
668	40	46	0.964145658263305
669	40	58	0.791036414565827
670	40	60	0.685994397759104
671	40	68	0.647899159663866
672	40	72	0.658823529411765
673	40	73	0.788795518207283
674	40	77	0.637254901960784
675	40	81	0.743697478991597
676	40	88	0.528851540616247
677	40	89	0.876750700280112
678	40	93	0.813165266106443
679	40	95	0.72436974789916
680	40	99	0.684593837535014
681	40	104	0.736134453781513
682	40	114	0.656302521008403
683	40	116	0.772268907563025
684	40	120	0.627450980392157
685	40	133	0.839495798319328
686	40	134	0.837535014005602
687	40	138	0.766946778711485
688	40	139	0.659103641456583
689	40	141	0.66890756302521
690	41	45	0.713165266106443
691	41	51	0.682633053221289
692	41	52	0.533333333333333
693	41	60	0.503641456582633
694	41	82	0.577591036414566
695	41	93	0.627170868347339
696	41	98	0.645658263305322
697	41	106	0.648179271708684
698	41	108	0.614565826330532
699	41	112	0.531652661064426
700	41	114	0.678151260504202
701	41	130	0.661064425770308
702	42	45	0.743697478991597
703	42	50	0.825490196078431
704	42	51	0.743137254901961
705	42	52	0.641176470588235
706	42	82	0.674229691876751
707	42	84	0.530532212885154
708	42	95	0.703361344537815
709	42	98	0.798599439775911
710	42	99	0.684033613445378
711	42	106	0.540336134453782
712	42	108	0.805042016806723
713	42	109	0.56218487394958
714	42	112	0.618207282913165
715	42	116	0.542296918767507
716	42	117	0.790196078431373
717	42	122	0.661344537815126
718	42	129	0.597478991596639
719	42	130	0.577591036414566
720	42	132	0.607563025210084
721	42	138	0.570588235294118
722	42	149	0.563305322128852
723	43	50	0.585714285714286
724	43	61	0.501680672268908
725	43	84	0.682352941176471
726	43	122	0.666946778711485
727	43	124	0.657422969187675
728	43	129	0.662745098039216
729	43	131	0.509803921568628
730	43	132	0.616526610644258
731	43	137	0.614565826330532
732	43	149	0.512885154061625
733	44	63	0.628571428571429
734	44	69	0.721008403361345
735	44	79	0.502801120448179
736	44	100	0.627731092436975
737	44	110	0.63921568627451
738	45	50	0.576750700280112
739	45	51	0.655742296918768
740	45	52	0.580952380952381
741	45	60	0.582913165266106
742	45	82	0.594957983193277
743	45	93	0.712324929971989
744	45	95	0.745378151260504
745	45	98	0.762745098039216
746	45	99	0.629131652661065
747	45	106	0.603081232492997
748	45	108	0.7296918767507
749	45	112	0.644817927170868
750	45	114	0.655742296918768
751	45	116	0.579551820728291
752	45	117	0.60672268907563
753	45	130	0.519607843137255
754	45	138	0.558543417366947
755	46	58	0.805882352941177
756	46	60	0.640336134453782
757	46	68	0.658543417366947
758	46	72	0.722408963585434
759	46	73	0.8703081232493
760	46	77	0.592997198879552
761	46	81	0.755182072829132
762	46	89	0.824089635854342
763	46	93	0.837254901960784
764	46	95	0.753501400560224
765	46	99	0.746498599439776
766	46	104	0.773949579831933
767	46	114	0.660504201680672
768	46	116	0.810364145658263
769	46	120	0.628011204481793
770	46	133	0.885714285714286
771	46	134	0.83249299719888
772	46	138	0.819327731092437
773	46	139	0.701960784313726
774	46	141	0.728851540616247
775	47	53	0.750700280112045
776	47	65	0.56890756302521
777	47	71	0.693837535014006
778	47	75	0.669467787114846
779	47	87	0.633613445378151
780	47	90	0.545658263305322
781	47	101	0.651540616246499
782	47	126	0.555742296918768
783	48	50	0.518207282913165
784	48	52	0.624929971988796
785	48	61	0.752941176470588
786	48	82	0.609803921568628
787	48	109	0.593557422969188
788	48	122	0.54733893557423
789	48	130	0.577310924369748
790	48	137	0.56890756302521
791	48	143	0.682913165266106
792	49	55	0.768067226890756
793	49	56	0.740896358543418
794	49	57	0.689635854341737
795	49	65	0.747899159663866
796	49	67	0.670588235294118
797	49	70	0.608683473389356
798	49	71	0.680672268907563
799	49	76	0.720448179271709
800	49	87	0.55546218487395
801	49	96	0.56890756302521
802	49	97	0.8
803	49	101	0.650980392156863
804	49	102	0.649579831932773
805	49	103	0.653781512605042
806	49	110	0.539495798319328
807	49	118	0.612605042016807
808	49	126	0.663305322128852
809	49	128	0.671988795518207
810	49	140	0.673389355742297
811	49	146	0.598319327731093
812	49	147	0.519887955182073
813	50	51	0.619887955182073
814	50	52	0.762464985994398
815	50	61	0.655182072829132
816	50	82	0.656582633053221
817	50	84	0.694397759103642
818	50	95	0.550700280112045
819	50	98	0.678991596638656
820	50	99	0.557422969187675
821	50	108	0.679831932773109
822	50	109	0.74733893557423
823	50	117	0.68655462184874
824	50	119	0.605322128851541
825	50	122	0.799719887955182
826	50	129	0.806442577030812
827	50	130	0.630812324929972
828	50	132	0.701120448179272
829	50	135	0.550140056022409
830	50	137	0.514285714285714
831	50	149	0.575910364145658
832	51	52	0.605602240896359
833	51	60	0.672829131652661
834	51	82	0.583473389355742
835	51	93	0.571428571428572
836	51	95	0.655182072829132
837	51	98	0.676750700280112
838	51	99	0.650980392156863
839	51	108	0.764705882352941
840	51	109	0.518767507002801
841	51	114	0.606442577030812
842	51	116	0.561344537815126
843	51	117	0.776470588235294
844	51	119	0.579271708683473
845	51	129	0.58515406162465
846	51	130	0.546218487394958
847	51	138	0.605322128851541
848	51	141	0.543977591036415
849	52	61	0.773109243697479
850	52	82	0.867226890756303
851	52	84	0.627731092436975
852	52	98	0.672268907563025
853	52	106	0.569467787114846
854	52	108	0.564425770308123
855	52	109	0.866386554621849
856	52	114	0.567507002801121
857	52	117	0.510644257703081
858	52	122	0.769747899159664
859	52	124	0.543417366946779
860	52	129	0.688235294117647
861	52	130	0.820448179271709
862	52	137	0.755182072829132
863	52	149	0.535574229691877
864	53	57	0.500560224089636
865	53	65	0.53109243697479
866	53	72	0.517086834733894
867	53	75	0.789075630252101
868	53	87	0.51484593837535
869	53	101	0.526610644257703
870	54	56	0.546498599439776
871	54	64	0.572268907563025
872	54	65	0.520448179271709
873	54	66	0.707563025210084
874	54	78	0.530532212885154
875	54	102	0.51624649859944
876	55	56	0.815966386554622
877	55	57	0.891316526610644
878	55	62	0.612044817927171
879	55	65	0.833893557422969
880	55	66	0.554621848739496
881	55	67	0.622128851540616
882	55	70	0.543417366946779
883	55	71	0.773669467787115
884	55	76	0.951260504201681
885	55	77	0.515126050420168
886	55	87	0.642016806722689
887	55	96	0.516806722689076
888	55	97	0.750140056022409
889	55	101	0.647899159663866
890	55	102	0.80812324929972
891	55	103	0.563865546218488
892	55	118	0.684593837535014
893	55	126	0.783473389355742
894	55	128	0.709803921568628
895	55	140	0.689355742296919
896	55	146	0.610084033613446
897	56	57	0.704481792717087
898	56	65	0.817927170868347
899	56	66	0.73781512605042
900	56	67	0.749859943977591
901	56	71	0.53109243697479
902	56	76	0.862745098039216
903	56	96	0.632773109243698
904	56	97	0.599159663865546
905	56	101	0.615686274509804
906	56	102	0.527731092436975
907	56	110	0.596638655462185
908	56	126	0.779271708683474
909	56	128	0.80672268907563
910	56	140	0.587114845938375
911	56	147	0.568347338935574
912	57	62	0.564705882352941
913	57	65	0.770028011204482
914	57	67	0.56218487394958
915	57	70	0.502240896358544
916	57	71	0.762464985994398
917	57	76	0.843417366946779
918	57	77	0.581792717086835
919	57	87	0.715966386554622
920	57	97	0.710644257703081
921	57	101	0.686834733893558
922	57	102	0.713725490196078
923	57	103	0.626050420168067
924	57	118	0.627450980392157
925	57	126	0.788795518207283
926	57	128	0.589635854341737
927	57	140	0.553501400560224
928	57	146	0.507843137254902
929	58	68	0.673949579831933
930	58	73	0.654341736694678
931	58	81	0.55546218487395
932	58	89	0.649579831932773
933	58	92	0.56890756302521
934	58	93	0.652380952380953
935	58	95	0.681792717086835
936	58	99	0.715406162464986
937	58	104	0.726050420168067
938	58	114	0.577591036414566
939	58	116	0.746218487394958
940	58	119	0.66218487394958
941	58	133	0.793557422969188
942	58	134	0.866106442577031
943	58	138	0.801680672268908
944	58	139	0.703921568627451
945	58	141	0.637535014005602
946	59	74	0.598039215686275
947	59	88	0.501680672268908
948	59	107	0.698319327731093
949	59	153	0.511484593837535
950	60	73	0.611204481792717
951	60	88	0.569187675070028
952	60	89	0.608963585434174
953	60	93	0.69327731092437
954	60	95	0.578711484593838
955	60	99	0.536414565826331
956	60	104	0.623249299719888
957	60	114	0.589355742296919
958	60	116	0.534453781512605
959	60	119	0.513725490196078
960	60	120	0.631652661064426
961	60	133	0.529131652661065
962	60	134	0.638095238095238
963	60	138	0.580112044817927
964	60	141	0.634733893557423
965	60	145	0.525770308123249
966	61	82	0.725490196078431
967	61	109	0.759663865546219
968	61	122	0.736134453781513
969	61	129	0.542857142857143
970	61	130	0.773389355742297
971	61	137	0.693837535014006
972	61	143	0.610644257703081
973	61	148	0.553501400560224
974	61	149	0.534733893557423
975	62	71	0.625770308123249
976	62	76	0.557142857142857
977	62	77	0.55406162464986
978	62	87	0.546778711484594
979	62	102	0.743417366946779
980	62	118	0.873109243697479
981	63	67	0.585434173669468
982	63	69	0.694957983193277
983	63	75	0.575910364145658
984	63	90	0.858543417366947
985	63	96	0.633613445378151
986	63	100	0.773389355742297
987	63	110	0.573109243697479
988	63	111	0.526890756302521
989	63	123	0.573669467787115
990	63	147	0.564425770308123
991	64	74	0.589355742296919
992	64	78	0.688795518207283
993	65	67	0.689635854341737
994	65	71	0.722408963585434
995	65	76	0.800280112044818
996	65	87	0.542296918767507
997	65	96	0.57843137254902
998	65	97	0.61624649859944
999	65	101	0.689635854341737
1000	65	102	0.57703081232493
1001	65	110	0.550980392156863
1002	65	118	0.5
1003	65	126	0.791316526610644
1004	65	128	0.728011204481793
1005	65	140	0.643417366946779
1006	65	146	0.615686274509804
1007	65	147	0.563865546218488
1008	66	76	0.624929971988796
1009	66	79	0.547899159663866
1010	66	128	0.658543417366947
1011	67	69	0.71624649859944
1012	67	76	0.645658263305322
1013	67	79	0.544257703081233
1014	67	90	0.588515406162465
1015	67	96	0.72436974789916
1016	67	100	0.509803921568628
1017	67	110	0.783473389355742
1018	67	126	0.696358543417367
1019	67	128	0.772268907563025
1020	67	140	0.627450980392157
1021	67	147	0.685714285714286
1022	68	73	0.522128851540616
1023	68	80	0.60140056022409
1024	68	89	0.553221288515406
1025	68	92	0.532212885154062
1026	68	93	0.527450980392157
1027	68	95	0.512324929971989
1028	68	99	0.548739495798319
1029	68	114	0.648179271708684
1030	68	116	0.777871148459384
1031	68	133	0.679831932773109
1032	68	134	0.528851540616247
1033	68	138	0.599159663865546
1034	68	141	0.668067226890756
1035	69	90	0.666946778711485
1036	69	96	0.781232492997199
1037	69	100	0.737254901960784
1038	69	110	0.835574229691877
1039	69	128	0.56358543417367
1040	69	140	0.630252100840336
1041	69	147	0.603081232492997
1042	70	71	0.569187675070028
1043	70	76	0.522128851540616
1044	70	87	0.572829131652661
1045	70	96	0.563305322128852
1046	70	97	0.86890756302521
1047	70	101	0.757703081232493
1048	70	103	0.714005602240896
1049	70	126	0.609803921568628
1050	70	140	0.599159663865546
1051	71	76	0.736974789915966
1052	71	87	0.807282913165266
1053	71	97	0.702801120448179
1054	71	101	0.687955182072829
1055	71	102	0.630252100840336
1056	71	103	0.537254901960784
1057	71	118	0.584033613445378
1058	71	126	0.672268907563025
1059	71	140	0.528291316526611
1060	71	146	0.6703081232493
1061	71	147	0.510364145658263
1062	72	73	0.774789915966387
1063	72	77	0.700280112044818
1064	72	81	0.796078431372549
1065	72	87	0.664145658263305
1066	72	89	0.601680672268908
1067	72	93	0.606162464985994
1068	72	103	0.534453781512605
1069	72	104	0.501120448179272
1070	72	133	0.708963585434174
1071	73	81	0.748739495798319
1072	73	89	0.641736694677871
1073	73	93	0.719607843137255
1074	73	95	0.648459383753502
1075	73	99	0.654901960784314
1076	73	104	0.852100840336135
1077	73	116	0.658543417366947
1078	73	120	0.580112044817927
1079	73	133	0.742577030812325
1080	73	134	0.727170868347339
1081	73	138	0.727450980392157
1082	73	139	0.567226890756303
1083	73	141	0.698879551820728
1084	74	78	0.515126050420168
1085	74	88	0.599159663865546
1086	74	107	0.828571428571429
1087	75	90	0.75546218487395
1088	75	101	0.507843137254902
1089	75	123	0.714005602240896
1090	76	87	0.601960784313726
1091	76	96	0.560224089635854
1092	76	97	0.722689075630252
1093	76	101	0.629411764705882
1094	76	102	0.725770308123249
1095	76	110	0.51484593837535
1096	76	118	0.621288515406163
1097	76	126	0.768067226890756
1098	76	128	0.730812324929972
1099	76	140	0.678151260504202
1100	76	146	0.554621848739496
1101	76	147	0.510364145658263
1102	77	81	0.649579831932773
1103	77	87	0.595798319327731
1104	77	89	0.77170868347339
1105	77	93	0.5406162464986
1106	77	102	0.6703081232493
1107	77	133	0.516526610644258
1108	79	128	0.528571428571429
1109	80	88	0.570868347338936
1110	80	102	0.517927170868347
1111	80	118	0.504481792717087
1112	81	87	0.584033613445378
1113	81	89	0.61764705882353
1114	81	93	0.531372549019608
1115	81	95	0.510644257703081
1116	81	103	0.626610644257703
1117	81	104	0.660224089635854
1118	81	133	0.680392156862745
1119	81	134	0.607002801120448
1120	81	138	0.525770308123249
1121	81	139	0.528571428571429
1122	82	98	0.739775910364146
1123	82	106	0.588235294117647
1124	82	108	0.611484593837535
1125	82	109	0.793837535014006
1126	82	114	0.7
1127	82	116	0.503921568627451
1128	82	122	0.690196078431373
1129	82	130	0.809803921568628
1130	82	137	0.531932773109244
1131	84	98	0.595238095238095
1132	84	108	0.514565826330532
1133	84	109	0.610084033613446
1134	84	117	0.626610644257703
1135	84	122	0.782913165266107
1136	84	124	0.519047619047619
1137	84	129	0.687955182072829
1138	84	130	0.566386554621849
1139	85	91	0.686834733893558
1140	85	111	0.539775910364146
1141	85	115	0.631932773109244
1142	85	127	0.536694677871149
1143	85	136	0.589355742296919
1144	86	153	0.716526610644258
1145	87	97	0.649579831932773
1146	87	101	0.704761904761905
1147	87	102	0.53921568627451
1148	87	103	0.672268907563025
1149	87	126	0.622408963585434
1150	88	107	0.563305322128852
1151	88	114	0.611204481792717
1152	88	143	0.607002801120448
1153	89	93	0.798039215686275
1154	89	95	0.527170868347339
1155	89	99	0.509243697478992
1156	89	104	0.537535014005602
1157	89	114	0.585714285714286
1158	89	116	0.605882352941177
1159	89	133	0.70140056022409
1160	89	134	0.633893557422969
1161	89	138	0.602521008403361
1162	90	96	0.664705882352941
1163	90	100	0.786834733893558
1164	90	110	0.595518207282913
1165	90	111	0.518487394957983
1166	90	123	0.602801120448179
1167	90	147	0.636974789915966
1168	91	100	0.618207282913165
1169	91	105	0.520728291316527
1170	91	115	0.863025210084034
1171	91	121	0.741176470588235
1172	91	127	0.817366946778712
1173	92	104	0.694677871148459
1174	92	119	0.58515406162465
1175	92	120	0.536134453781513
1176	92	134	0.545378151260504
1177	93	95	0.790756302521008
1178	93	99	0.752941176470588
1179	93	104	0.600840336134454
1180	93	108	0.594957983193277
1181	93	114	0.703361344537815
1182	93	116	0.779831932773109
1183	93	120	0.556862745098039
1184	93	133	0.766666666666667
1185	93	134	0.702521008403361
1186	93	138	0.762464985994398
1187	93	139	0.60140056022409
1188	93	141	0.72156862745098
1189	95	98	0.583473389355742
1190	95	99	0.904201680672269
1191	95	104	0.559383753501401
1192	95	108	0.719327731092437
1193	95	114	0.68375350140056
1194	95	116	0.860504201680672
1195	95	117	0.646778711484594
1196	95	119	0.546498599439776
1197	95	133	0.73781512605042
1198	95	134	0.798879551820728
1199	95	138	0.880952380952381
1200	95	139	0.649579831932773
1201	95	141	0.647899159663866
1202	96	97	0.595798319327731
1203	96	100	0.604481792717087
1204	96	101	0.685994397759104
1205	96	110	0.754621848739496
1206	96	126	0.687955182072829
1207	96	128	0.654341736694678
1208	96	140	0.659663865546219
1209	96	147	0.777310924369748
1210	97	101	0.759103641456583
1211	97	102	0.584313725490196
1212	97	103	0.805882352941177
1213	97	118	0.58515406162465
1214	97	126	0.70812324929972
1215	97	128	0.577591036414566
1216	97	140	0.676470588235294
1217	97	147	0.569467787114846
1218	98	99	0.611204481792717
1219	98	106	0.703081232492997
1220	98	108	0.867787114845939
1221	98	109	0.605042016806723
1222	98	112	0.736974789915966
1223	98	114	0.657703081232493
1224	98	116	0.522689075630252
1225	98	117	0.787675070028011
1226	98	122	0.533333333333333
1227	98	130	0.697759103641457
1228	98	149	0.536134453781513
1229	99	104	0.587675070028011
1230	99	108	0.78515406162465
1231	99	112	0.560504201680672
1232	99	114	0.749579831932773
1233	99	116	0.872549019607843
1234	99	117	0.634733893557423
1235	99	119	0.650420168067227
1236	99	120	0.575910364145658
1237	99	133	0.654901960784314
1238	99	134	0.812044817927171
1239	99	138	0.897759103641457
1240	99	139	0.641456582633053
1241	99	141	0.743137254901961
1242	100	105	0.541736694677871
1243	100	110	0.62296918767507
1244	100	111	0.559103641456583
1245	100	115	0.656022408963585
1246	100	127	0.606442577030812
1247	100	147	0.576750700280112
1248	101	103	0.60140056022409
1249	101	126	0.790196078431373
1250	101	140	0.572829131652661
1251	101	147	0.616806722689076
1252	102	103	0.566106442577031
1253	102	118	0.774789915966387
1254	102	126	0.518487394957983
1255	102	128	0.512605042016807
1256	103	118	0.581792717086835
1257	104	116	0.579551820728291
1258	104	119	0.601120448179272
1259	104	120	0.751260504201681
1260	104	133	0.622408963585434
1261	104	134	0.750140056022409
1262	104	138	0.668067226890756
1263	104	139	0.669467787114846
1264	104	141	0.694397759103642
1265	105	111	0.557983193277311
1266	105	121	0.518767507002801
1267	105	132	0.621848739495798
1268	106	108	0.626890756302521
1269	106	109	0.516526610644258
1270	106	112	0.707843137254902
1271	106	114	0.57563025210084
1272	106	130	0.618767507002801
1273	107	143	0.534453781512605
1274	108	109	0.533053221288516
1275	108	112	0.772829131652661
1276	108	114	0.661624649859944
1277	108	116	0.619047619047619
1278	108	117	0.788515406162465
1279	108	119	0.512885154061625
1280	108	130	0.54453781512605
1281	108	138	0.626890756302521
1282	108	141	0.60140056022409
1283	109	114	0.505042016806723
1284	109	122	0.788795518207283
1285	109	124	0.555742296918768
1286	109	129	0.63249299719888
1287	109	130	0.808683473389356
1288	109	137	0.708963585434174
1289	109	148	0.568067226890756
1290	109	149	0.632773109243698
1291	110	126	0.547058823529412
1292	110	128	0.657703081232493
1293	110	140	0.714565826330532
1294	110	147	0.670028011204482
1295	111	132	0.582633053221289
1296	112	114	0.531652661064426
1297	112	117	0.574229691876751
1298	112	123	0.580952380952381
1299	113	121	0.538655462184874
1300	113	127	0.555742296918768
1301	114	116	0.787955182072829
1302	114	119	0.590476190476191
1303	114	120	0.524089635854342
1304	114	130	0.587955182072829
1305	114	133	0.59327731092437
1306	114	134	0.586274509803922
1307	114	138	0.70812324929972
1308	114	141	0.714005602240896
1309	115	121	0.747619047619048
1310	115	127	0.747058823529412
1311	116	119	0.524649859943978
1312	116	120	0.509243697478992
1313	116	133	0.815686274509804
1314	116	134	0.765546218487395
1315	116	138	0.833053221288516
1316	116	139	0.624929971988796
1317	116	141	0.725210084033614
1318	117	119	0.54593837535014
1319	117	129	0.600840336134454
1320	117	132	0.512885154061625
1321	117	138	0.503641456582633
1322	118	146	0.59859943977591
1323	119	120	0.681512605042017
1324	119	129	0.621848739495798
1325	119	134	0.657142857142857
1326	119	138	0.612044817927171
1327	119	139	0.612324929971989
1328	119	141	0.650700280112045
1329	119	143	0.548739495798319
1330	120	125	0.501960784313725
1331	120	134	0.656582633053221
1332	120	138	0.578151260504202
1333	120	139	0.622689075630252
1334	120	141	0.76890756302521
1335	120	143	0.573109243697479
1336	120	145	0.541456582633053
1337	121	127	0.712044817927171
1338	122	129	0.668627450980392
1339	122	130	0.714005602240896
1340	122	132	0.534173669467787
1341	122	135	0.549579831932773
1342	122	137	0.599159663865546
1343	122	149	0.592156862745098
1344	124	129	0.563865546218488
1345	124	130	0.5296918767507
1346	124	131	0.512044817927171
1347	124	137	0.670868347338936
1348	124	149	0.505602240896359
1349	125	148	0.513725490196078
1350	126	128	0.69327731092437
1351	126	140	0.56078431372549
1352	126	146	0.598039215686275
1353	126	147	0.543417366946779
1354	128	140	0.661344537815126
1355	128	147	0.582913165266106
1356	129	130	0.552100840336134
1357	129	132	0.618207282913165
1358	129	137	0.553781512605042
1359	129	148	0.504761904761905
1360	129	149	0.538375350140056
1361	130	137	0.630812324929972
1362	130	149	0.71484593837535
1363	132	135	0.515406162464986
1364	133	134	0.748179271708684
1365	133	138	0.706442577030812
1366	133	139	0.670588235294118
1367	133	141	0.657422969187675
1368	134	138	0.847899159663866
1369	134	139	0.719047619047619
1370	134	141	0.692436974789916
1371	137	142	0.517366946778712
1372	137	148	0.500840336134454
1373	138	139	0.621568627450981
1374	138	141	0.710644257703081
1375	139	141	0.659383753501401
1376	140	147	0.578711484593838
1377	142	150	0.563865546218488
1378	143	144	0.571148459383754
1379	143	148	0.564985994397759
1380	145	150	0.578711484593838
1381	145	151	0.507002801120448
1382	148	150	0.5
