20732	20733	20734	20735	20840	20841	20842	20843	20844	20845	20846	20891	20892	20893	20894	20955	20956	20957	20958	21083	21084	21085	21086	21099	21100	21101	21102
OTU_1	6032	11439	9593	7783	8090	11764	12316	8703	9154	6287	6056	2155	3034	2106	2531	3040	3718	3275	3703	16048	12595	8376	12473	3997	6101	5626	4281
OTU_2	8939	3560	5581	5804	6988	4406	6030	4750	5273	8052	9362	11171	11487	12976	12054	10302	10781	9014	10643	4727	5700	8310	5969	9176	6953	11659	9573
OTU_3	602	1616	942	833	563	849	656	1029	611	365	454	611	544	372	506	712	499	501	487	1464	1340	1153	1373	814	1132	901	820
OTU_4	3983	3393	3993	2815	4363	4184	3920	4679	4778	3879	3619	2931	4073	3762	3776	3148	4061	4111	3405	4052	4010	3487	3943	6305	5267	4805	4783
OTU_5	1809	1995	2231	2817	2735	2262	2390	3120	3812	3966	3031	3731	3201	3717	3583	3824	3793	5117	4370	1591	2000	2761	1927	4061	3060	2696	3014
OTU_6	1721	2432	2756	2513	3260	3054	2800	4010	3800	3760	4500	6082	6239	4311	5353	6767	3981	5376	5877	3637	3750	4427	3785	5678	6333	4982	5975
OTU_7	8330	8814	9945	10861	6266	5049	5753	4560	5168	7616	6654	7104	5956	7552	7097	4065	5412	5215	4569	2148	2179	3534	2363	3918	2414	3352	3814
OTU_8	1157	1009	1255	1519	1474	1183	1341	1512	2283	3741	3430	2631	2340	2801	2750	2366	3456	2936	2786	1332	1366	2142	1402	2086	1527	1722	2253
OTU_9	1980	487	104	150	416	257	123	848	573	148	273	252	50	1461	277	41	25	42	16	231	109	206	68	286	130	158	73
OTU_10	1094	999	1409	1533	4044	3290	4571	2130	3209	3197	3673	374	290	354	284	1394	1844	1372	1489	2208	2955	3732	2904	416	589	441	544
OTU_11	1266	1335	1454	1751	1055	877	1070	2033	2530	2509	2270	3554	3041	3863	3383	3097	3823	3550	3141	1366	1542	2224	1547	2558	1972	2488	2785
OTU_12	163	330	261	162	192	341	246	207	151	69	84	146	165	146	160	180	172	166	184	521	471	243	453	334	537	477	425
OTU_13	272	788	536	701	325	563	624	623	650	482	484	199	101	112	86	197	119	100	75	595	559	675	620	109	85	139	85
OTU_14	1762	2387	2320	1984	2520	3224	2999	2401	1285	1704	1782	859	1374	749	1114	935	698	1029	1106	2552	2441	1584	2521	1599	1711	1373	1515
OTU_15	883	709	930	867	879	696	734	921	1110	1745	1604	3160	2737	3058	3414	3668	3131	3492	3423	609	701	918	647	2556	2495	2229	2579
OTU_16	322	668	656	838	268	243	356	1290	1118	907	988	1027	1044	1055	1052	1130	1334	1026	1051	749	957	1202	882	667	662	787	806
OTU_17	468	721	724	844	489	695	662	966	693	623	518	1863	1944	1704	2081	1909	1445	1641	1528	557	532	663	675	1626	1519	1485	1577
OTU_18	1356	3443	2664	2444	1456	1757	1496	1579	1242	929	1252	919	959	624	842	826	409	713	696	1464	1436	1172	1478	1036	1317	960	1257
OTU_19	657	826	1089	1041	2173	2403	2381	1634	2057	1347	1466	539	979	842	963	1225	1347	1316	1419	2005	2244	1972	1692	1510	2941	1663	1482
OTU_20	1177	1319	1510	1098	583	580	639	1308	1616	722	830	634	708	826	859	685	830	779	711	833	780	846	896	1197	783	846	731
OTU_21	1208	1810	2027	2415	2682	3074	2677	1793	1456	1311	1350	1516	1547	1407	1600	1620	1347	1476	1375	871	822	1178	947	1363	1127	1083	1317
OTU_22	852	24	13	33	1804	1019	363	7	0	0	0	0	0	0	0	0	0	1	0	7	0	14	6	13	0	14	0
OTU_23	478	916	862	659	670	1046	854	1079	721	800	745	223	408	200	204	344	526	508	568	2093	1867	1029	2098	818	995	670	751
OTU_24	956	1311	1264	1244	2443	2414	2108	1716	1464	1889	2132	764	810	563	663	876	661	1088	805	1662	1472	1686	1679	1307	1007	942	1232
OTU_25	1554	1626	1751	2133	1421	1541	1590	1353	1517	1430	1101	1777	1491	1711	1668	1431	1425	1398	1326	753	865	1303	946	1045	883	939	1194
OTU_26	661	1043	867	1048	523	862	1047	1061	911	1012	1008	480	328	275	334	267	241	240	270	623	680	850	746	193	252	201	308
OTU_27	213	754	409	327	363	518	440	1363	990	475	508	444	468	191	320	391	238	240	411	1922	1605	1480	1874	519	829	664	702
OTU_28	136	327	267	363	284	315	288	582	528	131	122	1690	1964	1673	1425	2188	1879	1449	1526	409	447	460	512	1879	2666	2147	2351
OTU_29	92	191	131	129	100	125	128	221	243	324	253	79	131	59	65	66	102	108	95	427	355	247	459	139	226	170	139
OTU_30	618	653	704	564	621	672	591	821	753	551	614	324	498	409	546	426	415	388	396	1031	954	731	874	529	525	495	486
OTU_31	536	342	395	486	590	437	595	781	953	1185	1024	552	473	581	551	926	1255	1086	1031	569	810	1169	798	495	276	480	447
OTU_32	121	182	251	290	332	283	313	355	424	614	509	2154	1777	1922	1824	1703	2030	1683	1601	234	384	426	323	1169	1102	1259	1419
OTU_33	41	49	30	56	19	37	32	75	68	43	17	181	206	156	114	105	105	102	76	78	90	99	125	169	244	176	195
OTU_34	119	230	218	215	327	339	289	351	165	234	271	156	187	135	201	129	271	188	140	580	535	369	444	299	399	384	212
OTU_35	57	30	26	37	31	25	29	84	125	266	172	2581	2449	2157	2413	1839	2293	2399	2135	78	127	83	64	2151	1296	1667	2140
OTU_36	1287	472	598	462	506	491	389	398	505	1477	836	1045	1061	854	830	1187	1119	1001	1465	402	527	607	419	1196	1218	821	1190
OTU_37	170	112	9	34	157	51	37	81	133	17	84	31	9	304	85	12	0	4	0	47	9	5	30	30	52	41	22
OTU_38	198	382	58	111	240	272	80	280	384	0	47	32	16	61	38	0	0	0	0	178	274	376	227	36	21	37	0
OTU_39	74	334	140	318	34	72	31	335	473	51	25	430	461	360	388	222	141	96	156	408	617	465	501	236	290	454	390
OTU_40	403	499	552	441	933	1116	918	899	659	713	598	85	111	98	160	205	226	201	193	1462	1488	939	1337	219	480	331	213
OTU_41	89	211	148	143	64	68	77	169	125	119	156	49	59	63	42	38	42	47	35	215	192	161	215	71	138	109	73
OTU_42	256	458	356	292	283	384	315	425	394	376	308	100	115	89	101	259	126	159	166	319	344	294	307	143	194	177	164
OTU_43	961	1226	1423	1493	601	614	600	165	175	163	163	474	357	387	417	426	285	273	249	94	114	148	91	317	233	311	275
OTU_44	353	477	561	544	241	219	246	455	377	486	525	490	487	576	736	482	549	651	490	160	254	260	173	396	375	397	398
OTU_45	365	695	660	513	647	865	843	1147	613	742	1031	434	422	293	368	325	260	546	429	997	1192	853	978	477	574	394	490
OTU_46	448	611	671	555	700	844	739	821	793	623	521	98	182	156	189	187	201	141	200	1450	1335	1056	1372	266	477	409	344
OTU_47	6	0	9	7	0	4	9	8	6	0	9	0	7	8	10	10	8	6	7	16	12	9	3	25	24	15	20
OTU_48	95	186	71	129	68	134	75	187	124	129	140	286	366	175	200	220	149	149	199	268	170	179	258	304	366	246	321
OTU_49	21	44	49	51	69	61	83	12	45	22	28	14	0	7	12	36	17	12	15	15	19	15	24	5	10	9	7
OTU_50	0	20	0	15	0	0	0	22	17	8	12	272	261	190	161	936	926	614	689	7	7	4	2	362	487	420	559
OTU_51	342	551	615	724	919	859	991	454	379	239	314	27	34	42	61	162	91	65	49	219	255	262	216	14	35	22	24
OTU_52	644	913	738	690	357	464	484	411	387	493	481	140	198	149	167	153	242	240	207	750	648	367	638	341	387	336	266
OTU_53	0	0	0	0	0	0	0	0	0	0	0	0	0	0	0	0	4	0	0	0	0	0	0	0	0	0	0
OTU_54	1419	778	1120	1019	793	614	683	356	425	1026	748	233	181	135	127	169	173	183	178	271	349	589	401	183	214	108	170
OTU_55	98	620	88	121	19	42	25	179	198	26	13	260	222	151	161	339	273	194	275	392	300	266	445	391	439	983	521
OTU_56	41	85	64	76	44	42	24	59	58	24	47	74	36	29	38	51	23	39	23	37	19	50	26	68	55	38	49
OTU_57	31	64	62	77	100	43	48	83	44	78	113	234	213	243	139	358	166	347	280	103	120	110	134	403	473	317	334
OTU_58	37	44	34	38	9	5	11	12	13	0	4	138	129	153	149	167	55	55	102	2	23	23	14	118	197	99	140
OTU_59	107	96	147	144	80	101	90	143	129	140	193	196	206	235	284	267	220	238	287	250	255	239	222	414	613	440	317
OTU_60	15	10	12	24	9	0	0	3	0	0	0	15	0	0	31	17	4	0	0	0	3	11	0	21	7	0	4
OTU_61	226	382	343	434	603	543	431	447	511	531	740	204	207	151	218	72	63	53	78	343	452	530	463	90	92	68	63
OTU_62	70	50	0	0	178	79	8	0	9	0	0	0	0	0	4	0	0	0	0	4	9	39	5	0	0	0	0
OTU_63	170	261	262	256	279	314	268	217	124	144	179	88	136	87	118	130	69	134	128	296	264	172	214	182	180	97	133
OTU_64	282	429	403	486	259	263	307	184	179	174	192	25	20	34	20	211	97	143	96	62	77	96	91	68	28	47	60
OTU_65	102	142	129	131	436	453	422	912	567	444	761	508	458	402	494	564	401	671	614	525	553	709	558	457	327	341	476
OTU_66	0	0	0	0	4	0	3	4	0	0	0	0	2	0	12	0	0	0	2	7	0	0	0	5	0	6	0
OTU_67	25	268	84	251	45	44	30	101	125	7	0	515	622	319	420	165	274	187	214	86	158	75	107	207	337	454	417
OTU_68	325	29	38	66	1136	450	345	23	51	26	39	41	15	25	51	0	9	6	9	18	15	15	23	64	48	40	9
OTU_69	58	100	69	99	55	66	39	115	90	47	76	197	141	197	146	144	117	125	112	105	70	87	109	193	197	147	155
OTU_70	252	287	387	406	176	122	117	22	23	0	36	125	134	105	123	185	166	139	191	10	16	13	16	123	194	103	151
OTU_71	406	126	98	153	0	4	8	39	6	61	20	362	411	327	332	443	432	384	678	21	29	18	17	624	1146	1657	1257
OTU_72	154	200	235	232	100	65	120	311	390	307	422	74	64	57	54	148	145	119	128	207	271	271	190	80	54	67	61
OTU_73	165	125	152	170	71	69	62	23	45	65	86	259	209	221	216	351	391	250	382	13	35	36	15	219	225	199	183
OTU_74	0	0	10	7	38	18	30	45	72	58	119	261	267	267	234	214	187	215	191	18	26	63	17	177	150	149	152
OTU_75	72	128	92	83	128	141	163	419	225	317	287	545	564	313	430	348	194	439	353	318	341	273	402	615	619	388	591
OTU_76	32	77	72	42	68	95	59	128	71	75	67	68	95	16	44	111	64	61	91	226	234	182	248	83	147	145	118
OTU_77	170	293	276	214	155	253	202	297	215	93	119	104	186	112	111	142	142	122	74	607	523	277	442	174	238	177	159
OTU_78	607	90	35	68	86	115	34	3	44	12	0	14	30	262	81	0	0	0	0	25	91	330	245	6	38	21	44
OTU_79	18	36	13	25	33	22	22	152	213	0	10	138	234	189	134	355	369	208	362	282	423	435	548	499	1104	1113	678
OTU_80	44	48	81	29	50	44	56	61	29	47	73	183	200	137	129	240	94	184	190	65	75	53	74	240	259	120	193
OTU_81	73	118	108	80	123	150	119	159	118	122	169	78	87	60	80	92	138	91	161	265	244	163	234	204	275	191	167
OTU_82	4624	57	27	56	31	136	59	76	10	201	225	78	33	258	134	4	10	9	0	41	13	22	8	44	41	43	44
OTU_83	393	260	380	484	84	73	87	143	181	228	164	129	110	116	133	457	654	532	629	110	127	126	131	171	159	163	126
OTU_84	1454	114	246	177	172	185	154	132	163	453	172	97	60	74	78	218	193	103	223	116	191	191	194	129	112	93	124
OTU_85	0	0	0	0	0	0	0	0	0	0	0	16	0	0	0	0	0	0	0	0	7	0	0	4	0	0	0
OTU_86	12	47	38	25	90	115	96	87	67	62	57	8	51	46	46	66	103	79	76	148	144	102	138	114	137	89	68
OTU_87	611	342	510	464	163	185	206	562	643	637	548	39	14	14	9	29	56	48	20	194	233	308	253	25	22	21	13
OTU_88	0	0	0	0	0	0	0	0	0	0	0	0	0	0	0	39	0	5	0	0	0	12	0	0	0	0	0
OTU_89	430	5	0	0	200	66	47	0	0	0	13	0	0	5	0	0	0	0	0	0	0	3	8	8	0	0	0
OTU_90	126	121	158	227	23	16	20	17	16	21	7	13	21	12	25	19	0	0	3	8	22	20	16	0	0	19	0
OTU_91	82	87	93	118	128	182	96	151	154	148	159	176	137	141	138	139	94	118	128	112	103	110	89	172	145	161	188
OTU_92	58	8	0	0	90	78	24	0	0	0	0	0	0	0	0	0	0	0	0	0	0	0	0	0	0	0	0
OTU_93	50	94	69	70	113	135	120	265	123	111	148	192	225	103	229	157	172	206	184	193	246	126	206	290	294	254	230
OTU_94	274	34	7	24	66	28	23	13	0	12	22	0	0	26	2	5	4	0	0	46	30	49	33	4	0	0	0
OTU_95	15	44	23	23	74	101	114	95	58	89	112	20	19	7	17	3	20	20	5	152	178	91	110	32	54	53	28
OTU_96	6	10	6	18	11	4	19	5	11	11	0	77	67	62	30	38	46	37	66	18	21	21	33	116	216	162	140
OTU_97	62	6	8	1	8	9	1	37	24	21	79	96	5	266	20	19	22	54	24	21	7	0	4	30	41	11	11
OTU_98	22	42	26	43	0	17	9	19	13	0	0	4	8	5	0	0	2	0	11	2	9	14	17	0	0	0	3
OTU_99	22	25	16	31	10	4	0	13	0	0	9	0	4	0	4	43	14	15	17	21	7	7	11	8	19	10	18
OTU_100	178	187	218	158	99	112	105	17	12	39	17	0	18	7	6	115	80	159	95	6	13	26	6	10	0	10	3
OTU_101	33	203	97	111	111	257	134	204	181	75	207	42	15	18	23	66	13	27	28	403	409	333	414	80	92	98	109
OTU_102	8	4	0	10	16	11	6	0	0	0	0	0	0	13	32	58	89	34	45	0	6	0	0	0	0	0	0
OTU_103	82	98	70	67	86	156	120	235	139	105	116	19	30	21	15	53	31	40	29	204	216	171	253	30	43	16	48
OTU_104	46	24	43	42	35	35	34	18	18	0	38	293	283	178	225	107	152	145	235	17	44	37	23	326	252	198	281
OTU_105	12	3	7	0	9	6	11	16	19	19	17	113	101	103	57	197	131	246	198	17	11	14	15	148	90	68	155
OTU_106	14	0	0	18	14	4	5	0	4	0	0	15	15	12	15	53	32	30	53	0	8	3	0	20	24	35	38
OTU_107	36	46	47	40	19	22	20	64	46	25	60	21	17	15	22	13	4	10	6	46	77	42	52	5	0	11	8
OTU_108	0	0	0	0	0	0	0	0	0	0	0	3	0	0	0	5	0	0	0	0	0	0	0	11	0	0	0
OTU_109	91	282	62	122	118	199	165	324	293	169	76	7	6	0	3	10	6	0	0	289	257	286	281	0	0	0	0
OTU_110	45	25	38	24	12	16	24	20	13	11	28	8	6	7	0	3	0	3	5	7	15	10	16	5	0	7	4
OTU_111	0	8	0	0	0	0	0	4	0	0	0	35	31	50	15	41	28	52	49	5	0	0	9	35	14	30	14
OTU_112	0	2	0	0	0	0	0	0	0	0	0	0	4	0	0	2	0	0	0	0	3	0	0	2	16	0	0
OTU_113	0	14	16	34	22	22	26	67	114	0	0	271	352	262	244	206	160	114	176	65	117	91	119	208	247	350	361
OTU_114	7	15	7	8	15	17	11	33	19	22	47	27	16	6	6	98	40	101	59	20	21	51	24	96	26	68	34
OTU_115	48	75	71	52	10	4	23	8	0	0	0	24	9	9	10	21	9	0	12	7	0	3	6	22	26	9	0
OTU_116	5	5	10	7	10	18	19	27	49	35	26	23	39	24	19	67	77	74	58	37	57	24	24	52	57	58	41
OTU_117	53	183	138	139	158	174	138	36	58	19	25	25	34	21	21	14	30	44	23	71	86	57	61	52	31	38	26
OTU_118	0	13	5	0	0	0	0	0	0	0	0	0	0	0	0	0	0	0	0	0	0	0	0	0	0	0	0
OTU_119	37	42	37	25	21	26	38	38	17	21	20	54	39	20	17	35	66	48	57	47	19	18	23	42	21	31	0
OTU_120	44	0	0	0	92	71	46	0	0	0	0	0	0	0	0	0	0	0	0	0	0	0	0	0	0	0	0
OTU_121	0	42	10	15	0	0	0	9	27	12	4	0	0	0	0	0	0	0	0	31	21	19	16	0	0	0	0
OTU_122	152	23	0	9	33	39	11	13	27	0	0	5	0	64	14	0	0	0	0	4	24	73	48	0	12	4	11
OTU_123	0	0	0	0	0	3	0	0	0	0	0	3	3	0	0	19	4	0	0	0	2	0	0	6	0	0	0
OTU_124	0	0	0	5	0	0	0	0	0	0	0	0	0	0	0	6	0	0	0	0	0	0	0	0	0	0	0
OTU_125	33	587	47	66	45	43	29	139	145	26	12	0	0	0	0	0	0	0	0	193	257	130	201	0	0	0	0
OTU_126	608	96	166	148	138	107	109	7	23	17	6	0	0	3	0	0	5	0	0	7	14	9	0	0	0	0	0
OTU_127	10	0	18	0	4	0	0	5	0	0	16	39	20	53	66	108	72	62	66	0	0	0	0	18	83	56	32
OTU_128	26	32	36	47	36	43	27	47	24	17	22	29	68	32	43	31	31	61	61	51	40	36	42	44	67	63	35
OTU_129	3	61	15	62	38	52	40	86	167	24	10	62	56	15	22	0	0	0	4	106	181	117	117	16	14	36	21
OTU_130	8	12	8	0	0	0	0	0	0	7	0	0	0	0	0	0	0	0	0	0	0	0	0	0	0	0	0
OTU_131	55	13	10	10	13	26	9	44	0	29	173	57	12	21	24	0	0	28	16	77	8	15	17	32	10	17	0
OTU_132	0	0	0	9	0	0	5	0	0	0	0	0	0	0	0	0	0	0	0	0	0	0	0	0	0	0	0
OTU_133	27	0	0	5	0	4	6	8	0	19	0	0	0	9	0	0	0	10	7	5	7	5	5	0	7	9	0
OTU_134	0	0	0	0	0	0	0	0	0	0	0	3	3	0	3	16	9	4	0	7	4	0	0	14	16	10	8
OTU_135	0	6	0	0	0	0	3	0	0	0	0	0	0	0	0	0	0	0	0	0	0	5	0	0	0	0	0
OTU_137	0	6	0	0	0	0	5	0	0	6	7	0	0	0	0	0	0	0	0	8	5	0	0	0	0	0	0
OTU_138	0	11	13	13	3	0	8	4	16	15	0	0	0	0	0	0	0	0	0	21	16	16	17	0	0	0	0
OTU_139	0	0	0	0	0	0	0	0	0	0	0	5	0	0	0	0	0	0	0	0	1	0	0	5	0	0	0
OTU_140	49	140	122	142	32	49	40	291	210	83	70	0	0	0	0	0	0	0	0	224	234	173	228	0	0	0	0
OTU_141	2	0	0	0	0	0	0	0	0	0	0	0	0	0	0	0	0	0	0	0	0	0	2	0	0	0	4
OTU_142	0	0	0	0	0	0	0	0	5	0	23	4	0	0	0	4	0	0	0	3	0	4	4	0	7	0	0
OTU_143	60	46	39	29	14	8	15	0	0	0	0	0	0	11	9	44	72	63	38	0	0	0	0	5	0	0	0
OTU_144	59	0	0	0	4	3	0	17	9	33	26	59	0	9	11	54	14	51	32	3	0	0	0	5	5	6	12
OTU_145	0	0	0	0	0	0	0	0	0	0	0	0	7	0	5	0	14	9	9	6	0	0	0	13	16	9	6
OTU_146	0	0	0	0	0	4	0	6	0	0	0	0	0	0	0	19	10	23	20	0	0	3	2	0	0	0	0
OTU_147	0	0	0	0	0	0	0	0	0	0	0	0	0	0	0	0	0	0	0	0	0	0	0	0	0	0	0
OTU_148	18	42	35	24	24	23	21	186	163	111	67	0	0	0	0	8	0	0	0	96	151	139	123	0	0	0	0
OTU_149	32	38	39	34	15	16	19	21	10	21	26	14	7	9	11	5	4	7	0	31	37	27	35	6	0	19	17
OTU_150	0	0	6	0	13	20	0	0	12	14	13	0	0	8	0	5	17	7	17	32	46	23	18	4	12	20	9
OTU_151	0	0	0	0	0	7	0	0	11	0	0	0	0	0	0	0	0	0	0	0	0	0	0	0	0	0	0
OTU_152	0	0	0	0	0	8	0	0	0	0	0	0	0	0	0	0	0	0	0	0	4	0	0	0	0	0	0
OTU_153	0	0	0	0	0	0	0	0	0	0	0	0	0	0	0	0	2	0	0	0	0	0	0	0	0	0	0
OTU_154	32	22	21	22	40	49	33	66	88	60	73	56	57	43	64	95	73	87	69	61	72	60	53	38	35	50	69
OTU_155	126	81	108	100	95	81	66	35	43	44	42	33	16	39	19	11	10	10	22	32	33	29	46	6	0	0	19
OTU_156	46	103	63	153	219	264	197	26	61	0	0	0	0	0	0	0	0	0	0	16	7	23	13	0	0	0	0
OTU_157	46	13	0	6	0	15	6	18	5	11	77	41	0	16	8	28	6	34	5	32	0	0	4	0	0	0	0
OTU_158	0	0	0	0	0	0	0	0	0	0	0	0	0	0	0	0	0	0	0	0	0	0	0	0	0	0	0
OTU_159	0	0	0	0	0	0	0	0	0	0	0	0	0	0	0	0	0	0	0	0	0	0	0	3	0	4	0
OTU_160	8	0	24	51	19	19	10	17	0	18	0	0	0	0	0	0	0	0	0	17	32	31	16	0	0	0	0
OTU_161	89	37	45	25	17	12	17	6	4	15	0	0	0	0	0	11	0	0	0	0	2	5	0	0	0	0	0
OTU_162	0	0	0	6	0	0	0	48	32	10	0	14	20	16	21	0	14	6	11	26	51	26	47	20	45	48	35
OTU_163	0	0	0	0	0	0	0	0	0	6	0	0	0	0	0	0	0	0	0	0	7	10	0	0	0	0	0
OTU_164	0	12	0	10	20	0	5	8	4	0	0	0	0	0	0	0	0	0	6	12	14	13	20	18	12	4	0
OTU_165	0	0	0	0	0	0	0	0	0	0	0	0	0	0	2	0	0	0	0	0	0	0	0	0	0	0	0
OTU_166	20	24	25	29	24	18	11	3	0	0	0	15	18	16	16	0	0	0	14	4	6	0	0	7	16	0	7
OTU_167	22	7	14	5	215	119	51	10	24	15	0	0	0	0	0	0	0	0	0	5	14	6	0	24	0	27	17
OTU_168	0	0	0	3	0	0	0	0	0	0	0	7	0	0	1	0	0	2	0	0	0	0	2	0	0	0	0
OTU_169	59	7	11	0	0	0	5	0	0	0	0	9	0	0	0	0	0	0	0	0	0	0	0	0	0	0	0
OTU_170	0	0	0	0	0	5	0	0	0	0	0	0	0	0	0	4	2	0	0	0	0	0	0	0	0	0	6
OTU_171	0	0	0	0	0	0	0	0	0	0	0	253	205	190	162	96	102	60	129	0	3	10	0	137	185	270	169
OTU_172	0	11	14	0	9	9	0	0	0	0	0	10	0	4	12	0	0	12	0	0	0	0	0	0	0	7	5
OTU_173	0	0	0	0	0	0	0	0	0	0	0	0	0	0	0	0	0	0	0	0	0	0	0	4	0	0	0
OTU_174	0	0	0	0	0	0	0	0	0	0	0	0	0	0	0	4	4	0	0	0	0	0	0	0	7	0	0
OTU_175	0	3	0	0	0	3	0	0	0	0	0	0	0	0	0	0	0	0	0	3	0	0	0	0	0	0	0
OTU_176	0	0	4	0	0	0	0	8	16	46	7	20	40	25	36	29	11	21	0	20	14	19	21	46	17	33	59
OTU_177	48	40	45	30	25	28	34	9	0	7	19	0	0	4	0	7	10	22	33	0	11	7	5	0	3	4	0
OTU_178	70	5	0	2	2	8	2	7	0	8	33	77	19	35	26	6	7	19	19	6	7	0	0	12	9	5	0
OTU_179	94	5	10	12	0	0	0	4	0	0	6	61	111	97	72	209	166	592	165	0	6	0	3	187	9	188	19
OTU_180	0	0	0	0	0	0	0	0	0	0	0	6	0	0	0	0	0	0	0	0	0	0	0	0	0	0	0
OTU_181	0	4	0	11	5	12	5	14	19	14	0	12	9	4	8	12	28	22	27	3	0	5	6	0	14	11	9
OTU_182	3	4	7	4	4	3	1	3	6	0	6	0	0	1	1	10	0	0	0	4	1	0	1	0	0	0	0
OTU_183	87	42	87	90	72	73	54	19	1	24	25	0	18	9	9	0	4	4	9	7	16	0	16	3	16	0	2
OTU_184	69	119	133	165	58	53	37	96	74	57	80	0	0	0	0	0	0	0	0	14	39	42	58	0	0	0	0
OTU_185	14	27	12	0	0	17	9	15	0	0	0	0	0	0	0	0	0	0	0	0	0	0	0	0	0	0	0
OTU_186	3	0	0	9	4	0	3	2	6	29	9	7	3	0	10	0	10	0	0	0	3	0	0	3	0	0	0
OTU_187	0	0	0	0	0	0	0	0	0	0	0	0	0	5	0	13	0	0	0	0	0	0	0	0	12	0	0
OTU_189	0	6	10	6	0	3	5	0	0	0	0	0	0	0	0	0	2	0	0	3	10	5	4	0	0	0	4
OTU_190	0	0	0	0	0	0	0	0	0	0	0	0	0	0	0	0	0	0	2	0	0	0	0	0	0	0	0
OTU_191	0	16	14	34	14	12	16	7	0	0	0	0	6	3	0	13	8	7	4	0	2	0	3	4	5	0	2
OTU_192	8	9	17	14	17	19	13	71	61	51	32	5	6	0	14	12	0	10	11	105	112	102	120	16	7	0	18
OTU_193	0	0	0	0	0	0	0	0	0	0	12	0	7	10	0	4	7	0	0	0	0	0	0	2	5	0	2
OTU_194	53	0	4	8	6	0	0	5	6	10	9	0	0	20	30	0	22	14	45	0	17	29	10	11	0	19	6
OTU_195	10	0	0	10	0	0	0	16	0	0	0	12	0	19	8	0	0	0	0	0	0	4	8	0	21	0	0
OTU_196	9	32	26	30	88	96	67	49	57	29	28	0	6	6	11	17	0	0	0	45	60	42	54	0	12	0	0
OTU_197	0	0	0	0	0	0	0	29	32	7	0	34	15	12	2	12	4	0	7	0	0	0	0	12	0	28	10
OTU_198	24	23	27	48	17	12	5	25	23	42	39	16	12	19	37	49	49	50	61	28	11	28	9	25	10	30	26
OTU_199	0	0	0	0	16	12	10	0	0	0	0	0	0	0	0	0	0	0	0	0	0	0	0	0	0	0	0
OTU_200	0	0	0	0	0	0	0	0	0	7	0	0	0	0	0	15	0	5	6	0	0	0	0	0	0	0	10
OTU_201	0	24	12	22	6	0	8	6	0	4	7	0	0	5	4	4	4	0	7	3	7	16	9	0	3	0	0
OTU_202	2	0	0	0	43	71	8	0	0	0	0	0	0	0	0	0	0	0	0	0	0	0	0	0	0	0	0
OTU_203	39	13	22	25	0	10	10	12	0	14	0	5	0	0	0	0	0	0	5	24	27	11	5	0	0	0	0
OTU_204	0	0	2	0	0	0	0	0	0	0	0	0	0	0	0	0	0	5	0	0	0	0	0	0	0	0	0
OTU_205	10	22	20	12	43	40	48	10	15	37	0	0	0	4	0	0	0	0	5	57	40	33	53	17	0	6	0
OTU_206	13	4	0	0	14	5	7	0	0	0	0	0	0	17	0	0	0	0	0	0	0	0	0	0	0	0	0
OTU_207	0	0	0	0	0	0	0	0	0	0	0	0	0	0	0	0	0	0	0	0	0	0	0	0	0	0	0
OTU_208	0	4	4	6	0	0	0	0	0	0	0	10	14	0	9	0	0	9	0	0	0	0	0	13	14	0	13
OTU_209	0	0	0	0	0	0	0	0	0	0	0	0	0	0	0	0	0	0	0	0	0	0	0	5	0	0	0
OTU_210	0	0	0	0	0	0	0	0	0	0	0	0	0	0	0	0	0	0	0	0	0	0	0	0	0	0	0
OTU_211	94	16	42	29	11	6	15	0	0	15	4	0	0	0	0	0	0	0	0	2	0	0	0	0	0	0	0
OTU_212	0	0	0	0	0	0	0	0	0	0	0	0	0	0	0	0	0	0	0	0	0	0	0	3	0	0	0
OTU_213	0	0	0	0	0	0	0	0	0	0	0	0	0	0	0	0	0	0	0	0	0	0	0	0	0	0	0
OTU_214	0	0	0	0	0	0	0	0	0	0	0	0	0	0	0	0	0	0	0	0	0	0	0	0	0	0	6
OTU_215	11	35	16	12	21	36	22	65	83	24	28	0	9	4	0	0	0	0	0	60	21	49	63	0	9	0	0
OTU_216	0	16	35	10	33	32	33	22	15	0	20	13	0	0	15	0	12	0	24	27	20	27	22	0	0	0	13
OTU_217	0	0	0	0	4	0	0	7	0	0	9	34	26	23	30	106	94	41	87	0	0	0	0	23	45	46	26
OTU_218	37	0	0	0	0	4	0	0	0	0	0	0	4	18	0	0	0	8	5	0	0	4	0	0	0	0	8
OTU_219	0	0	0	0	0	0	0	0	0	0	0	0	0	0	0	0	0	0	0	0	0	0	0	0	0	0	0
OTU_220	0	0	0	0	0	0	0	0	0	0	0	8	0	6	14	7	0	0	13	0	0	0	0	0	0	9	0
OTU_221	22	117	55	57	29	36	17	53	41	0	26	6	0	0	0	0	0	4	0	73	48	62	37	0	0	0	0
OTU_222	0	0	0	0	4	4	0	0	0	0	0	0	0	0	0	22	0	2	0	0	0	0	4	0	0	0	0
OTU_223	9	12	6	14	0	0	0	0	0	0	0	0	0	0	0	0	0	0	0	0	0	0	0	0	0	0	0
OTU_224	0	12	0	0	0	0	0	0	12	0	3	0	5	4	0	6	0	0	0	0	0	0	0	0	0	0	0
OTU_225	0	6	0	4	0	0	0	0	0	0	0	3	0	3	0	5	2	0	0	0	0	0	0	9	3	0	5
OTU_226	4	0	0	0	11	8	0	0	0	0	0	0	0	0	0	0	0	0	0	0	0	0	0	0	0	0	0
OTU_227	0	0	0	0	0	0	0	0	0	0	0	3	0	0	0	0	0	0	0	0	0	0	0	4	0	0	0
OTU_228	0	2	0	0	0	0	0	0	0	0	0	0	0	0	0	0	0	0	0	4	7	0	6	5	0	2	0
OTU_229	0	0	0	0	0	0	0	0	0	0	0	0	0	15	5	0	0	0	3	0	0	0	0	0	0	0	0
OTU_230	0	2	0	14	4	10	4	4	4	0	0	0	0	0	0	3	0	0	0	2	17	7	11	0	0	0	0
OTU_231	0	0	0	0	10	3	0	0	0	0	0	0	0	4	0	0	0	0	0	0	0	0	0	0	0	0	0
OTU_232	0	0	0	0	0	0	0	0	0	0	0	0	0	0	0	0	0	0	0	0	0	0	0	0	0	0	0
OTU_233	116	66	104	193	11	5	7	0	0	0	0	0	0	0	0	0	0	0	0	0	0	2	0	0	0	0	0
OTU_234	0	0	0	0	0	0	0	0	0	0	0	0	0	0	0	0	0	0	0	0	0	0	0	0	0	0	0
OTU_235	0	0	0	0	2	0	0	0	0	0	0	2	0	0	0	4	0	4	7	0	0	0	0	0	3	12	12
OTU_236	0	0	0	0	0	0	0	0	0	0	0	0	0	0	0	0	4	0	0	3	0	0	0	0	0	0	0
OTU_237	0	2	0	0	7	7	6	0	0	0	0	0	0	0	0	0	0	0	0	0	0	0	0	0	0	0	0
OTU_238	17	0	0	0	5	20	8	0	0	0	0	0	0	0	0	0	0	0	0	8	0	0	3	3	0	0	0
OTU_239	0	0	0	0	0	0	0	0	0	0	0	20	25	26	21	22	61	26	30	0	0	0	0	18	57	35	48
OTU_240	50	52	70	65	16	12	11	0	0	0	0	40	14	16	16	0	38	31	12	6	0	0	4	12	21	22	23
OTU_241	39	65	47	37	23	46	14	0	0	0	0	0	0	0	4	0	7	0	7	6	4	8	0	0	0	0	0
OTU_242	0	0	0	0	0	0	0	0	0	0	0	0	0	0	0	0	0	0	0	0	0	0	0	0	0	0	0
OTU_243	0	0	0	0	0	0	0	5	6	7	0	0	4	0	0	0	4	0	0	6	7	7	10	0	14	5	0
OTU_244	0	0	0	0	14	19	13	13	2	8	36	0	0	0	12	0	0	0	6	0	0	0	0	0	0	0	0
OTU_245	0	0	0	0	0	0	0	0	0	0	0	0	0	0	0	9	11	8	0	0	0	0	0	0	10	10	7
OTU_246	0	0	0	0	0	0	0	0	0	0	0	0	0	0	0	0	0	0	0	0	0	0	0	0	0	0	0
OTU_247	3	12	11	3	9	4	6	30	21	3	4	10	17	12	12	16	5	6	0	8	8	8	8	3	7	10	6
OTU_249	0	0	0	0	0	0	0	0	0	0	0	1	0	0	0	0	0	9	0	0	0	0	0	2	0	0	0
OTU_250	0	26	4	26	7	21	13	16	29	11	10	0	0	9	7	0	0	0	0	49	52	53	75	0	0	0	0
OTU_251	0	0	0	0	0	0	0	0	0	0	0	0	0	0	0	0	0	0	0	0	0	0	0	0	0	0	0
OTU_252	74	175	167	187	17	12	29	0	0	0	0	0	0	4	0	4	0	0	0	0	0	0	0	0	0	0	0
OTU_253	0	0	0	0	0	0	0	0	0	0	0	0	0	0	0	0	0	0	0	0	0	0	0	0	0	0	0
OTU_254	0	0	0	0	0	10	0	0	0	0	0	0	0	0	0	0	0	0	0	0	7	0	0	0	0	0	0
OTU_255	0	0	0	0	0	0	0	0	0	0	0	0	0	0	0	0	0	0	0	0	0	0	0	0	0	0	0
OTU_256	20	30	31	25	17	25	13	3	0	0	0	0	0	0	0	0	0	0	0	0	5	0	0	0	0	0	0
OTU_257	21	0	0	0	0	0	0	9	0	18	0	8	0	0	11	0	0	0	22	0	0	0	0	0	0	0	0
OTU_258	0	0	0	0	7	0	0	0	7	0	0	0	0	0	0	0	0	0	0	6	5	0	5	0	0	0	0
OTU_259	0	5	0	0	0	0	0	0	0	0	0	0	0	0	0	0	0	0	0	0	0	0	0	0	0	0	0
OTU_260	17	15	8	12	8	12	8	14	18	10	10	4	18	8	0	13	11	16	31	7	17	25	8	3	12	16	12
OTU_261	0	0	0	0	0	0	0	0	0	0	0	6	0	0	0	0	0	0	0	0	0	0	0	5	0	0	0
OTU_262	9	0	0	0	16	0	0	14	18	12	6	36	26	14	28	0	6	9	0	0	0	0	0	6	12	24	14
OTU_263	0	0	0	0	9	25	19	13	9	11	39	0	0	0	9	0	0	0	8	0	0	0	0	0	0	0	0
OTU_264	4	12	19	28	6	14	7	0	0	0	0	0	0	2	0	0	0	0	0	6	7	0	3	12	0	0	0
OTU_265	0	0	0	0	0	0	0	0	0	0	0	0	0	0	0	0	0	0	0	0	0	0	0	0	0	0	0
OTU_266	151	88	120	197	0	0	11	0	0	0	0	0	0	0	0	0	0	0	0	0	0	0	0	0	0	0	0
OTU_267	0	0	0	0	0	0	0	0	0	0	0	3	0	0	0	14	4	0	0	0	0	0	0	0	0	0	0
OTU_268	31	4	0	0	0	0	0	6	0	0	17	51	0	11	4	0	4	4	0	3	0	0	0	0	0	0	0
OTU_269	0	0	0	0	0	0	0	0	0	0	0	0	0	0	0	0	0	0	7	0	0	0	0	0	0	0	0
OTU_270	0	0	0	0	0	0	0	12	11	15	16	33	20	24	20	22	42	49	35	0	0	0	0	36	0	0	12
OTU_271	0	0	0	0	0	0	0	0	0	0	0	0	0	0	0	0	0	0	0	0	0	0	0	0	0	0	0
OTU_272	0	0	0	0	0	0	0	0	0	0	0	0	0	0	0	0	0	0	0	0	0	0	0	0	0	0	0
OTU_273	9	0	1	11	1	0	1	3	1	3	15	8	11	8	7	5	4	4	3	16	9	7	12	4	2	7	4
OTU_274	0	0	0	0	0	0	0	0	0	0	0	0	0	0	0	0	0	0	0	0	0	0	0	0	0	0	0
OTU_275	0	2	7	6	2	6	6	0	0	0	0	3	6	2	4	13	13	12	5	7	4	0	7	0	9	0	0
OTU_276	37	0	0	0	7	0	0	0	18	0	0	7	0	41	0	0	0	0	0	6	6	0	0	0	0	0	0
OTU_277	135	73	104	140	43	40	40	0	0	0	0	0	0	0	0	0	0	0	0	0	0	0	0	0	0	0	0
OTU_278	20	0	0	3	0	0	0	9	0	0	0	0	0	0	0	13	8	12	0	0	0	0	0	0	0	0	7
OTU_279	0	0	0	0	0	0	0	0	0	0	0	0	0	0	0	0	0	0	0	0	0	0	0	0	0	0	0
OTU_280	0	0	0	0	0	0	0	5	0	0	0	6	0	69	7	0	0	0	0	0	0	0	5	0	0	0	0
OTU_281	0	0	0	0	0	0	0	0	0	0	0	0	0	0	0	0	0	0	0	0	0	0	0	0	0	0	0
OTU_282	0	0	0	0	0	0	0	0	0	0	0	0	0	0	0	0	0	0	0	0	0	0	0	0	0	0	0
OTU_283	10	40	37	64	2	5	6	0	0	0	0	0	0	5	0	0	4	3	0	0	0	0	0	0	0	0	0
OTU_284	0	0	0	0	0	0	0	0	0	0	0	0	0	0	0	0	0	0	0	0	0	0	0	0	0	0	0
OTU_285	0	0	0	0	0	0	0	0	0	0	0	0	0	0	0	0	0	0	0	0	0	0	0	0	0	0	0
OTU_286	0	0	0	0	0	0	0	0	0	0	0	3	0	0	0	0	0	0	0	0	0	0	0	0	0	0	0
OTU_287	0	0	0	0	0	0	0	0	0	0	0	0	0	0	0	0	0	0	0	0	0	0	0	0	0	0	0
OTU_288	0	0	0	0	0	0	0	38	24	80	70	52	60	70	56	10	21	6	10	0	7	0	0	9	33	12	14
OTU_289	29	0	0	2	10	0	6	7	0	0	0	0	0	3	7	0	0	0	0	0	0	0	0	0	0	0	0
OTU_290	0	0	0	0	0	0	0	0	0	0	0	15	10	22	12	0	6	7	17	0	0	0	0	25	52	78	43
OTU_291	17	0	0	3	8	0	0	7	0	17	13	21	0	0	0	0	4	11	0	0	0	0	0	0	0	0	0
OTU_292	0	0	0	0	0	0	0	0	0	0	0	0	0	0	3	0	0	0	0	0	0	0	0	0	0	0	0
OTU_293	0	0	0	0	0	0	0	0	0	0	0	0	0	0	0	0	0	0	0	0	0	0	0	0	0	0	0
OTU_294	13	21	6	18	17	18	8	26	49	0	0	0	0	0	0	0	5	0	0	20	38	23	14	0	0	0	0
OTU_295	0	15	8	8	0	0	0	6	7	0	0	15	0	0	3	3	4	0	15	0	0	4	0	0	0	4	5
OTU_296	0	0	0	0	0	0	0	0	0	0	0	0	0	0	0	0	0	0	0	0	0	0	0	0	0	0	7
OTU_297	58	101	89	81	18	21	26	0	0	0	0	0	0	0	0	0	0	0	0	0	0	0	0	0	0	0	0
OTU_298	9	12	1	38	13	1	0	5	17	14	19	34	37	34	21	10	11	0	5	0	0	0	0	0	0	11	4
OTU_299	24	5	11	10	3	3	4	0	5	7	0	0	5	0	0	4	4	13	13	0	0	0	0	0	0	0	0
OTU_300	0	0	0	0	0	0	0	5	0	0	0	0	0	0	0	0	0	0	0	0	0	0	0	0	0	0	0
OTU_301	0	0	0	0	5	0	0	4	0	0	0	39	26	16	10	0	0	0	0	0	0	13	10	16	0	10	15
OTU_302	0	0	0	0	0	0	0	0	0	0	0	0	0	0	0	0	0	0	0	0	0	0	0	0	0	0	0
OTU_303	0	0	0	0	0	0	0	0	0	0	0	0	0	0	0	0	0	0	0	0	0	0	0	0	0	0	0
OTU_304	0	0	0	0	0	0	0	0	0	0	0	0	0	0	0	0	0	0	0	0	0	0	0	0	0	0	0
OTU_305	0	0	0	0	0	0	0	0	0	0	0	0	0	0	0	0	0	0	0	0	0	0	0	0	0	0	0
OTU_306	0	0	0	0	0	0	0	38	0	0	0	0	0	0	0	0	0	0	0	30	0	0	0	26	0	0	0
OTU_307	1	3	8	6	0	0	3	6	15	0	1	19	12	11	11	4	7	2	1	2	6	0	5	1	2	5	4
OTU_308	6	5	8	5	5	2	4	14	11	4	13	9	11	7	12	11	3	2	4	2	4	2	2	4	9	5	2
OTU_309	0	0	0	7	0	0	0	0	5	0	0	5	0	12	0	0	0	6	0	0	3	0	0	0	0	9	3
OTU_310	0	0	0	0	0	0	0	0	0	0	0	0	0	0	0	0	0	0	0	0	0	0	0	0	0	0	0
OTU_311	0	0	0	0	0	0	0	0	0	0	4	0	0	0	0	0	0	0	0	0	0	0	0	0	0	0	0
OTU_312	0	0	0	0	0	0	0	0	0	0	0	0	0	0	0	0	0	0	0	0	0	0	0	0	0	0	0
OTU_313	3	8	8	17	13	6	3	15	24	8	17	12	19	18	10	4	8	1	0	6	3	0	0	1	3	2	6
OTU_314	0	0	0	0	0	0	0	0	0	0	0	24	17	31	22	5	10	12	8	4	5	0	0	12	28	15	16
OTU_315	1	5	7	3	5	4	6	14	21	7	4	5	4	5	8	4	3	3	3	7	7	10	8	2	2	5	4
OTU_316	0	0	0	0	0	0	0	0	0	0	0	5	9	11	0	5	0	0	0	0	0	0	0	0	0	6	4
OTU_317	0	0	3	0	0	0	0	0	0	0	0	0	0	0	0	2	4	2	13	0	0	0	0	9	5	4	6
OTU_318	0	0	0	0	0	0	0	0	0	0	0	0	3	0	0	4	4	0	2	0	3	0	0	0	0	6	0
OTU_319	0	9	0	9	9	8	0	2	4	0	3	0	0	0	0	0	0	0	0	0	0	0	0	0	0	0	0
OTU_320	0	0	0	0	0	0	0	0	0	0	0	0	0	0	0	0	0	0	0	0	0	0	0	0	0	0	0
OTU_321	0	0	0	0	0	0	0	0	0	0	0	0	0	0	0	0	0	0	0	0	0	0	0	0	0	0	0
OTU_322	0	0	0	10	11	12	10	4	0	12	0	0	4	0	0	0	0	0	0	9	7	7	12	0	0	0	0
OTU_323	0	0	0	0	0	0	0	0	0	0	0	0	0	0	0	5	0	0	0	2	0	0	0	0	0	0	0
OTU_324	0	0	0	0	0	0	0	19	22	14	29	36	33	47	14	7	31	14	10	0	0	0	4	28	0	9	27
OTU_325	87	70	81	81	10	10	21	0	0	0	0	0	0	0	0	0	0	0	0	0	0	0	0	0	0	0	0
OTU_326	0	0	0	0	0	0	0	0	0	0	0	0	0	0	0	0	0	0	0	0	0	0	0	0	0	0	0
OTU_327	0	0	0	0	0	0	0	0	0	0	0	0	0	0	0	0	0	0	0	0	0	0	0	0	0	0	0
OTU_328	0	0	0	0	0	0	0	0	0	0	0	0	0	0	0	12	0	0	0	0	0	0	0	0	0	0	0
OTU_329	0	0	0	0	0	0	0	0	0	0	0	0	0	0	0	0	0	0	0	2	0	0	0	0	0	0	0
OTU_330	0	0	0	0	0	0	0	0	0	0	0	0	0	0	0	0	0	0	0	0	0	0	0	0	0	0	0
OTU_331	0	0	0	0	0	0	0	0	0	0	0	0	0	0	0	0	0	0	0	0	0	0	0	0	0	0	0
OTU_332	4	4	6	6	1	4	1	7	13	0	0	6	6	1	4	3	2	3	5	5	6	4	0	1	2	7	2
OTU_333	184	13	27	35	0	2	3	0	0	6	0	5	0	3	0	0	15	0	0	2	0	0	0	10	0	0	0
OTU_334	0	0	0	0	0	0	0	0	0	0	0	0	0	0	0	0	0	0	0	0	0	0	0	0	0	0	0
OTU_335	2	3	1	3	10	2	10	2	6	3	6	5	5	8	6	10	5	1	5	4	7	6	5	4	7	17	11
OTU_336	5	4	0	9	20	12	13	0	5	1	12	0	1	1	0	2	10	3	0	0	1	0	1	9	3	7	1
OTU_337	8	17	18	21	6	8	14	9	11	1	6	13	8	20	17	3	3	2	4	2	3	1	1	3	2	5	4
OTU_338	0	11	11	17	0	0	0	0	0	0	0	0	0	0	0	7	0	0	0	0	0	0	0	0	0	0	0
OTU_339	0	0	0	0	0	0	0	0	0	0	0	0	0	0	0	0	0	0	0	0	0	0	0	0	0	0	0
OTU_340	0	0	0	0	0	4	0	0	0	7	0	0	0	0	0	0	0	0	0	0	0	0	0	0	0	0	0
OTU_341	0	6	0	0	0	0	10	0	0	0	0	4	0	3	4	0	0	4	0	0	0	0	0	0	7	0	0
OTU_342	7	2	7	6	1	5	8	7	6	6	10	10	9	0	4	1	11	0	2	6	5	1	5	0	10	0	0
OTU_343	0	0	0	0	3	0	0	17	0	0	4	10	28	37	15	9	11	0	0	0	0	0	0	18	10	19	16
OTU_344	0	0	0	0	3	14	0	0	24	0	0	0	1	0	0	0	4	5	5	3	9	6	5	3	5	2	1
OTU_345	21	31	42	43	14	11	3	0	0	0	6	0	0	0	0	10	0	0	0	0	0	0	0	10	0	0	8
OTU_346	82	0	0	0	0	0	0	0	5	18	0	6	4	15	7	0	5	1	27	0	0	0	0	7	0	9	0
OTU_347	0	10	0	7	4	0	0	7	0	0	0	0	0	0	0	0	0	0	0	16	12	12	7	0	0	0	0
OTU_348	0	0	0	0	0	0	0	0	0	0	0	0	0	0	0	0	0	0	0	0	0	0	0	0	0	0	0
OTU_349	0	0	0	0	0	0	0	0	0	0	0	0	0	0	0	0	0	0	0	0	0	0	0	0	0	0	0
OTU_350	0	0	0	0	0	0	0	18	7	0	3	14	6	7	12	0	0	0	0	15	46	43	50	0	0	0	0
OTU_351	7	8	0	0	82	33	18	0	0	0	0	0	0	0	0	0	6	0	0	6	0	0	3	0	0	0	4
OTU_352	0	0	0	0	0	0	0	0	0	0	0	0	0	0	0	0	0	0	0	0	0	0	0	0	0	0	0
OTU_353	0	0	0	0	0	0	0	0	0	0	0	0	0	0	0	0	0	0	0	0	0	0	0	8	0	0	0
OTU_354	0	0	0	0	0	0	0	0	7	0	0	10	21	18	37	4	0	4	0	0	0	0	0	3	7	10	7
OTU_355	4	9	11	5	6	5	2	14	7	0	3	4	7	6	12	2	1	2	1	0	3	2	2	2	2	7	1
OTU_356	0	0	0	0	0	0	0	13	0	0	0	0	0	0	0	0	0	0	0	12	0	0	0	12	12	0	0
OTU_357	0	0	0	0	0	0	0	4	0	0	0	0	10	0	0	27	4	11	16	0	0	9	0	9	26	21	30
OTU_358	0	0	0	0	0	0	0	0	4	6	0	12	4	4	7	13	8	4	12	0	0	0	0	14	5	20	22
OTU_359	4	0	0	0	6	0	0	0	0	0	0	0	0	0	0	0	0	0	0	0	0	0	0	0	0	0	0
OTU_360	0	0	5	0	0	0	0	0	0	0	0	0	0	0	0	0	0	0	0	0	0	0	0	0	0	0	0
OTU_361	0	0	0	0	0	0	0	0	0	0	0	0	0	0	0	0	0	0	0	0	0	0	0	4	0	0	0
OTU_362	0	0	1	0	1	1	2	0	1	1	3	4	15	5	9	2	0	2	1	1	2	2	2	0	3	5	3
OTU_363	0	0	0	0	0	0	0	0	0	0	0	0	0	0	10	0	0	0	0	0	0	0	0	0	0	0	0
OTU_364	0	0	0	0	0	0	4	0	0	0	0	0	0	0	0	0	0	0	0	0	0	0	0	0	0	0	0
OTU_365	0	0	0	3	0	0	0	0	0	0	3	0	0	0	0	6	0	0	0	0	0	0	0	0	0	0	4
OTU_366	1	4	4	4	18	7	14	4	15	3	7	2	3	0	4	1	3	0	0	9	7	8	5	1	3	5	1
OTU_367	0	8	4	5	4	9	4	2	4	6	17	0	0	5	1	1	2	5	3	5	3	7	7	3	5	2	0
OTU_368	131	8	27	28	0	0	0	6	0	26	0	0	0	0	0	0	0	0	0	6	0	0	0	0	0	0	0
OTU_369	0	0	0	0	2	0	0	0	0	0	0	0	0	0	0	0	0	0	0	0	0	0	0	0	0	0	0
OTU_370	0	0	0	0	0	0	0	0	0	0	0	0	0	0	0	0	0	0	0	0	0	0	0	0	0	0	0
OTU_371	0	0	0	0	0	0	0	0	0	0	0	0	0	0	0	0	0	0	0	0	0	0	0	0	0	0	0
OTU_372	0	0	0	0	0	0	0	0	0	0	0	0	0	0	0	0	0	0	0	0	0	0	0	0	0	0	0
OTU_373	0	0	0	0	0	0	0	0	0	0	0	0	0	0	0	0	0	0	0	0	0	0	0	0	0	0	0
OTU_374	0	0	0	0	0	0	0	0	0	0	0	0	0	0	0	0	0	0	0	0	0	0	0	0	0	0	0
OTU_375	0	0	0	0	0	0	0	0	0	0	0	0	0	0	0	0	0	0	0	0	0	0	0	0	0	0	0
OTU_376	0	0	0	0	0	0	0	0	10	0	0	0	0	0	0	11	5	16	0	5	0	0	0	9	0	0	3
OTU_377	8	1	3	2	3	2	0	1	5	0	0	4	7	4	2	13	0	7	6	0	0	1	3	4	5	4	0
OTU_378	0	0	0	0	0	0	0	0	0	0	0	0	0	0	0	0	0	0	0	0	0	0	0	0	0	0	0
OTU_379	0	0	1	1	1	2	3	1	7	10	4	7	1	6	3	1	6	3	2	3	1	1	2	4	3	4	1
OTU_380	0	0	0	0	48	7	5	0	0	0	0	0	0	0	0	0	0	0	0	8	0	9	0	0	0	4	0
OTU_381	13	0	0	0	0	0	2	0	0	0	0	0	0	0	0	0	0	0	0	0	0	0	0	0	0	0	0
OTU_382	1	0	0	1	0	10	0	0	0	6	0	1	4	1	0	0	6	0	7	8	12	0	6	6	9	1	2
OTU_383	0	2	2	3	1	0	2	5	17	4	4	4	18	10	3	7	4	3	0	6	2	3	4	5	14	2	4
OTU_384	0	0	0	0	0	0	0	9	18	0	0	19	25	39	17	24	11	20	21	0	0	0	0	0	21	16	12
OTU_385	0	2	0	6	0	0	4	0	0	0	0	0	2	0	0	0	0	0	0	0	0	0	0	3	0	0	0
OTU_386	1	6	9	7	2	6	3	8	9	4	3	0	0	0	2	3	2	1	0	7	9	4	9	1	0	6	0
OTU_387	0	0	0	0	0	0	0	0	13	33	26	21	43	40	29	17	0	0	6	0	0	0	0	11	0	15	0
OTU_388	0	0	0	0	0	0	0	0	0	0	0	0	0	0	0	0	0	0	0	0	0	0	0	0	0	0	0
OTU_389	0	0	0	0	5	0	0	9	16	33	17	24	15	25	18	0	9	0	0	0	0	0	0	10	0	2	0
OTU_390	0	0	1	0	0	0	0	0	0	11	1	0	0	2	0	4	0	0	0	0	0	0	0	0	0	0	0
OTU_391	0	0	0	0	0	0	0	0	0	0	0	0	0	0	0	0	0	0	0	0	0	0	0	0	0	0	0
OTU_392	0	5	6	3	0	0	3	4	0	0	0	0	6	0	0	0	3	0	0	0	0	3	0	0	0	0	0
OTU_393	0	2	0	2	4	0	0	6	0	0	0	0	0	0	2	0	0	0	0	0	0	2	5	0	0	0	0
OTU_394	0	0	0	0	0	0	0	7	7	17	0	0	0	21	7	0	9	0	3	0	0	0	0	18	0	9	7
OTU_395	4	3	6	2	2	4	0	2	7	3	0	2	2	0	2	1	2	1	2	0	4	2	4	2	0	1	2
OTU_396	0	0	0	0	0	0	0	0	0	0	0	0	0	0	0	0	0	0	0	0	0	0	0	0	0	0	0
OTU_397	26	19	16	15	10	12	13	0	0	0	3	0	0	0	0	0	0	5	0	0	2	0	0	0	0	0	0
OTU_398	0	0	0	0	0	0	0	8	0	7	7	41	28	60	51	0	4	8	0	0	0	0	0	7	0	0	4
OTU_399	0	0	0	0	0	0	0	0	0	0	0	0	0	0	0	0	0	0	0	0	0	0	0	0	0	0	0
OTU_400	0	1	0	1	0	1	0	2	0	1	0	0	0	0	0	0	0	1	0	0	1	5	1	0	0	1	0
OTU_401	2	0	3	3	0	3	1	5	4	1	3	6	8	7	7	4	1	4	3	3	4	5	2	1	0	4	2
OTU_402	0	2	2	6	0	3	6	10	2	3	1	4	5	9	12	3	4	7	0	0	1	0	0	0	3	2	1
OTU_403	0	0	0	0	0	0	0	0	0	0	0	0	0	0	0	0	0	0	0	0	0	0	0	0	0	0	0
OTU_404	0	0	0	0	0	5	0	0	0	0	0	0	0	0	0	0	0	0	0	0	0	0	0	0	0	0	0
OTU_405	0	0	0	0	0	0	0	0	0	0	0	0	0	0	0	0	0	0	0	0	0	0	0	0	0	0	0
OTU_406	33	0	0	0	0	0	0	0	0	0	0	0	0	6	0	0	0	0	0	0	0	0	0	0	0	0	6
OTU_407	0	0	0	0	0	0	0	0	0	0	0	0	0	0	0	0	0	0	8	23	33	30	24	0	0	0	0
OTU_408	0	0	0	0	0	0	0	0	0	0	0	0	0	0	0	5	1	0	3	0	0	0	0	0	0	0	0
OTU_409	0	0	0	0	0	0	0	0	0	0	0	0	0	0	0	19	4	0	0	0	0	0	0	0	0	0	0
OTU_410	18	0	0	5	0	3	0	0	0	0	0	0	0	11	0	0	0	16	0	0	0	0	0	0	0	0	0
OTU_411	7	0	2	3	4	10	13	0	1	0	0	0	1	2	1	0	0	0	0	0	0	0	0	0	0	4	1
OTU_412	0	4	7	7	4	5	4	6	2	0	3	2	7	2	1	3	1	0	0	0	0	0	1	0	0	0	0
OTU_413	0	0	3	2	5	2	1	1	1	1	1	0	0	1	0	0	0	0	0	1	2	3	0	0	2	0	0
OTU_414	0	5	0	4	0	0	0	0	0	0	0	0	0	0	0	0	0	0	0	2	0	0	0	0	0	0	0
OTU_415	0	0	0	0	0	0	0	0	0	0	0	0	0	0	0	0	0	0	0	0	0	0	0	0	0	0	0
OTU_416	0	0	0	0	0	0	0	0	0	0	0	0	0	0	0	0	0	0	0	0	0	0	0	0	0	0	0
OTU_417	0	1	1	1	4	3	7	3	13	1	6	6	12	1	5	2	0	4	1	2	2	3	1	0	2	5	4
OTU_418	0	0	0	0	0	0	0	0	0	0	0	0	0	0	0	0	0	0	0	0	0	0	0	0	0	0	0
OTU_419	0	0	0	0	0	0	0	0	0	0	0	0	0	0	0	0	0	0	0	0	0	0	0	0	0	0	0
OTU_420	30	0	0	0	0	0	0	0	0	0	0	0	0	0	0	0	0	0	0	0	0	0	0	0	0	0	0
OTU_421	0	0	0	0	0	0	0	0	0	0	0	0	0	0	0	0	0	0	0	0	0	0	0	0	0	0	0
OTU_422	0	0	0	0	0	3	0	0	0	0	0	0	0	0	0	0	0	0	0	0	0	0	0	0	0	0	0
OTU_423	0	0	0	0	0	0	0	5	0	0	0	11	14	10	15	0	0	4	0	0	0	0	0	16	3	6	11
OTU_424	0	0	0	0	0	0	0	0	0	0	0	0	0	0	0	0	0	0	0	0	0	0	0	0	0	0	0
OTU_425	4	0	0	0	0	0	0	0	0	0	0	0	0	0	0	0	0	0	0	0	0	0	0	0	0	0	0
OTU_426	14	33	64	39	10	18	13	0	0	0	0	0	0	0	0	0	0	0	0	0	0	0	0	0	0	0	0
OTU_427	0	0	3	0	27	22	18	8	0	0	0	0	0	0	0	0	0	0	0	0	0	10	7	0	0	0	0
OTU_428	37	18	18	19	0	0	3	0	0	0	0	0	0	4	4	15	0	12	2	0	0	0	0	4	9	5	11
OTU_429	0	0	0	0	0	0	0	0	0	0	0	0	0	0	0	0	0	0	0	0	0	0	0	0	0	0	0
OTU_430	0	0	0	0	0	0	0	0	0	0	0	0	0	0	0	0	0	0	0	0	0	0	0	0	0	0	0
OTU_431	0	0	0	0	0	0	0	0	0	0	0	4	0	0	0	0	15	4	0	0	0	0	0	5	9	0	3
OTU_432	0	0	0	0	0	0	0	0	0	0	0	0	0	0	0	4	0	0	0	0	0	0	0	6	0	0	0
OTU_433	0	0	1	4	1	0	0	5	0	0	0	2	7	4	5	4	2	0	0	1	3	0	2	0	0	0	0
OTU_434	0	0	0	0	0	0	0	0	0	0	0	0	0	0	0	3	3	0	0	0	8	0	0	0	0	0	0
OTU_435	0	0	0	0	0	0	0	0	0	0	0	0	0	0	0	0	0	0	0	0	0	0	0	0	0	0	0
OTU_436	0	0	0	0	0	0	0	0	0	0	0	0	0	0	0	0	0	0	0	0	0	0	0	0	0	0	0
OTU_437	0	0	0	0	0	0	0	0	30	0	0	0	0	0	0	0	0	0	0	0	0	0	0	0	0	0	0
OTU_438	0	0	0	0	0	0	0	0	0	0	0	0	0	0	0	0	0	0	0	0	0	0	0	0	0	0	0
OTU_439	3	1	0	3	4	3	3	0	7	3	6	7	5	5	4	4	3	4	3	4	2	0	1	0	0	2	0
OTU_440	0	0	0	0	0	0	0	0	0	0	0	0	0	0	0	0	0	0	0	0	0	9	0	0	0	0	0
OTU_441	5	1	0	0	0	0	7	1	13	7	3	0	0	0	2	0	2	3	0	0	0	0	5	0	7	0	0
OTU_442	0	0	0	0	0	0	0	0	0	0	0	0	0	0	0	0	0	0	0	0	0	0	0	0	0	0	0
OTU_443	0	0	0	0	0	0	0	0	0	0	0	0	0	0	0	0	0	0	0	0	0	0	0	2	0	0	0
OTU_444	0	0	0	0	0	0	0	0	0	0	0	0	0	0	0	0	0	0	0	0	0	0	0	0	0	0	0
OTU_445	0	0	0	0	0	0	0	0	0	0	0	0	0	0	0	0	0	0	0	0	0	0	0	0	0	0	0
OTU_446	11	0	0	0	0	0	0	0	0	4	0	0	4	0	5	0	6	0	0	0	0	0	0	7	0	4	0
OTU_447	0	0	0	0	0	0	0	0	0	0	0	4	0	0	0	0	0	0	0	0	0	0	0	0	0	0	2
OTU_448	2	1	3	4	3	1	3	4	1	6	6	4	4	4	6	1	1	2	1	2	3	1	0	2	0	4	1
OTU_449	0	0	0	0	0	0	0	0	9	0	12	8	12	16	12	0	0	0	0	0	0	0	0	0	0	0	6
OTU_450	24	28	42	39	9	10	14	0	0	0	0	0	0	0	0	0	0	0	0	0	0	0	0	0	0	0	0
OTU_451	0	0	0	0	0	0	0	0	0	0	0	0	0	0	0	0	0	0	0	0	0	0	0	0	0	0	0
OTU_452	0	7	5	4	8	16	5	0	6	1	3	0	2	0	1	0	1	0	0	7	2	2	5	0	2	0	0
OTU_453	0	0	0	0	0	0	0	0	0	0	0	0	0	0	0	0	0	0	0	0	0	0	0	0	0	0	0
OTU_454	0	0	2	0	0	0	0	0	0	0	0	0	0	0	0	0	0	0	0	0	0	0	0	2	0	0	0
OTU_455	2	3	0	1	0	1	0	2	4	7	1	7	9	1	2	3	5	4	3	0	2	1	2	1	2	4	1
OTU_456	0	3	0	0	0	0	0	0	0	0	0	0	0	0	17	5	6	0	5	0	0	0	0	5	9	0	0
OTU_457	0	0	0	0	0	0	0	0	0	0	0	0	0	0	0	0	0	0	0	0	0	0	2	0	9	6	0
OTU_458	8	0	0	0	0	0	0	0	0	8	4	0	0	0	0	10	0	4	0	0	0	0	0	0	0	0	0
OTU_459	0	1	0	1	0	0	0	2	0	0	0	0	1	0	0	0	0	0	0	0	0	0	1	0	0	1	0
OTU_460	3	0	0	0	3	0	2	9	4	0	4	16	6	8	6	3	0	0	0	3	0	1	2	0	0	2	2
OTU_461	0	0	0	0	0	0	0	0	0	0	0	0	0	0	0	0	0	0	0	0	0	0	0	0	0	0	0
OTU_462	9	11	17	9	5	6	2	0	0	0	0	0	0	0	0	0	0	0	0	2	4	2	0	0	0	0	0
OTU_463	0	0	0	0	0	0	0	0	0	0	0	0	0	0	0	0	0	0	0	0	0	0	0	0	0	0	0
OTU_464	115	8	16	3	0	0	0	0	0	0	0	0	0	0	0	0	0	0	0	0	0	0	0	0	0	0	0
OTU_465	2	0	0	2	1	6	8	8	5	3	1	1	0	0	2	0	0	0	0	7	0	2	0	0	0	0	0
OTU_466	0	0	0	0	0	0	0	0	0	0	0	8	7	10	0	13	4	4	0	0	0	0	0	0	0	4	13
OTU_467	0	0	0	0	0	0	0	7	0	0	6	5	2	5	10	1	0	0	0	0	0	0	0	0	0	0	0
OTU_468	0	0	0	0	0	0	0	4	0	0	0	15	15	16	8	0	20	9	14	0	0	0	0	0	21	12	12
OTU_469	0	0	0	0	0	0	0	0	0	3	0	0	4	0	0	3	0	4	0	0	0	5	0	0	5	4	1
OTU_470	0	0	0	0	0	0	0	0	5	0	0	0	0	0	0	0	0	0	0	0	0	0	0	0	0	0	0
OTU_471	0	0	0	0	0	0	0	0	0	0	0	0	0	3	0	0	0	7	0	0	0	0	0	0	0	2	0
OTU_472	100	0	26	12	0	0	0	0	0	0	0	0	0	0	0	0	0	0	0	0	0	0	0	0	0	0	0
OTU_473	4	5	0	1	0	5	4	1	5	0	3	1	0	2	0	1	1	0	0	2	0	1	1	0	0	0	0
OTU_474	0	0	0	0	12	0	0	0	0	0	0	0	0	0	0	0	0	0	0	0	0	0	0	0	0	0	0
OTU_475	0	0	0	0	0	0	0	0	0	0	0	0	0	0	0	0	0	0	0	0	0	0	0	0	0	0	0
OTU_476	0	0	0	0	0	0	0	0	0	0	0	0	0	0	0	0	0	4	0	0	0	0	0	0	0	0	0
OTU_477	0	0	0	0	0	0	0	0	0	0	0	0	0	0	0	0	0	0	0	0	0	0	0	0	0	0	0
OTU_478	0	0	0	0	0	0	0	0	0	0	0	0	0	0	0	0	0	0	0	0	0	0	0	0	0	0	0
OTU_479	0	0	0	0	0	0	0	0	0	0	0	0	0	0	0	0	0	0	0	0	0	0	0	0	0	0	0
OTU_480	0	0	0	0	0	0	0	5	0	0	0	0	10	0	0	0	11	11	0	0	0	0	0	0	0	0	0
OTU_481	0	0	0	0	0	0	0	0	0	0	0	0	0	0	0	0	0	0	0	0	0	0	0	0	0	0	0
OTU_482	22	30	30	28	13	4	6	0	0	0	0	0	0	0	0	0	5	0	0	0	0	0	0	0	0	0	0
OTU_483	0	0	0	0	0	0	0	0	0	0	0	0	0	0	0	0	0	0	0	0	0	0	0	0	0	0	0
OTU_484	0	0	0	0	0	0	3	0	0	0	0	0	0	0	0	0	0	0	0	0	0	0	0	0	0	0	0
OTU_485	0	0	0	0	0	0	0	0	0	0	0	0	0	0	0	0	0	0	0	0	0	0	0	0	0	0	0
OTU_486	0	0	0	0	0	0	0	0	0	0	0	0	0	0	0	0	0	0	0	0	0	0	0	0	0	0	0
OTU_487	20	27	34	55	0	0	0	0	0	0	0	0	0	0	0	0	0	0	0	0	0	0	0	0	0	0	0
OTU_488	0	0	0	0	0	0	0	0	0	0	0	0	0	0	0	0	0	0	0	0	0	0	0	0	0	1	0
OTU_489	0	3	0	0	0	0	0	0	0	0	0	0	0	0	0	0	0	0	0	0	0	0	0	0	0	0	0
OTU_490	3	0	0	11	1	0	0	4	1	0	7	0	0	0	0	0	0	0	0	6	0	0	0	3	0	0	0
OTU_491	0	0	0	0	0	0	0	6	0	3	0	7	6	7	6	0	4	0	0	0	0	0	0	0	0	5	0
OTU_492	3	0	1	3	2	0	0	0	0	4	0	8	5	2	6	2	1	1	1	7	6	4	2	0	2	6	1
OTU_493	0	0	0	0	0	0	0	0	0	0	0	0	0	0	0	0	0	3	0	0	0	0	0	0	0	0	0
OTU_494	0	0	0	0	0	0	0	0	0	0	0	0	0	0	1	0	0	0	0	0	0	0	0	1	0	0	0
OTU_495	0	0	1	0	0	0	1	1	6	0	0	5	15	1	10	1	0	0	0	0	0	0	0	0	2	4	1
OTU_496	8	0	0	0	13	0	0	0	0	0	0	0	6	0	0	0	0	0	0	0	0	0	0	0	0	0	22
OTU_497	9	0	0	0	0	0	0	0	0	0	0	0	0	0	0	0	0	0	0	0	0	0	0	0	0	0	0
OTU_498	0	0	0	0	0	0	0	9	0	0	0	9	6	11	0	7	2	3	1	0	0	7	0	6	17	0	0
OTU_499	4	0	1	6	1	0	2	1	0	3	1	3	1	1	0	1	0	1	0	6	3	2	4	0	0	0	4
OTU_500	0	0	0	0	0	0	0	0	0	0	0	0	0	0	0	0	0	0	0	0	0	0	0	0	0	0	0
OTU_501	3	0	9	0	3	1	7	1	0	14	0	0	0	0	0	0	0	0	0	0	0	0	0	0	0	0	0
OTU_502	2	1	4	2	0	5	0	1	2	0	4	3	4	3	4	1	0	0	0	2	1	3	1	0	0	2	0
OTU_503	0	0	0	0	0	0	0	0	0	0	0	0	0	0	0	0	0	0	0	0	0	0	0	0	0	0	0
OTU_504	0	0	0	0	0	0	0	0	0	0	0	0	0	0	0	2	0	0	0	0	0	0	0	0	0	0	0
OTU_505	0	3	0	0	0	0	0	0	6	0	0	0	9	16	16	0	0	0	0	0	0	5	0	12	10	0	0
OTU_506	0	0	0	0	0	0	0	0	0	0	0	0	0	0	0	0	0	0	0	0	0	0	0	0	0	0	0
OTU_507	15	0	0	0	4	0	0	0	0	14	0	0	0	0	0	0	0	0	0	0	0	0	0	0	0	0	0
OTU_508	0	0	0	0	0	0	0	1	0	0	0	0	0	0	0	0	0	1	0	0	1	0	0	0	2	0	0
OTU_509	0	0	0	0	0	0	0	0	0	0	0	0	0	0	0	0	0	0	0	0	0	0	0	0	0	0	0
OTU_510	0	0	0	0	0	0	0	0	0	0	0	0	0	0	4	0	0	0	0	0	0	0	0	0	5	0	0
OTU_511	2	1	3	1	5	5	1	2	2	3	1	4	4	3	4	1	2	1	0	0	0	0	0	2	0	6	2
OTU_512	0	0	0	0	0	0	0	0	0	0	0	0	0	0	0	0	0	0	0	0	0	0	0	0	0	0	0
OTU_513	74	7	15	17	0	0	3	0	0	0	0	0	0	0	0	0	0	0	0	0	0	0	0	0	0	0	0
OTU_514	0	0	0	0	0	0	0	0	0	0	10	0	0	0	0	19	0	0	0	0	0	0	0	0	0	0	0
OTU_515	0	0	1	0	0	0	0	2	2	0	0	6	9	0	15	4	2	5	1	0	1	0	1	2	0	2	6
OTU_516	0	2	2	0	2	0	1	2	7	0	9	6	1	0	0	4	2	0	0	0	1	1	3	0	2	0	0
OTU_517	0	0	0	0	0	0	0	0	0	0	0	0	0	0	0	0	0	0	0	0	0	0	0	0	0	0	0
OTU_518	0	0	0	0	0	0	0	0	0	3	15	0	0	10	11	0	0	6	5	0	0	0	0	0	0	0	0
OTU_519	0	1	1	0	0	0	1	0	6	1	1	0	0	6	1	2	1	1	0	2	0	2	0	2	0	0	0
OTU_520	3	4	5	5	0	2	4	0	7	0	3	0	0	4	0	0	0	0	1	0	0	0	3	2	0	0	0
OTU_521	0	0	0	0	0	0	0	0	0	0	0	0	0	0	0	0	0	0	0	0	0	0	0	0	0	0	0
OTU_522	2	3	1	3	2	0	3	4	1	0	1	8	0	0	0	0	1	3	0	2	1	3	0	2	2	1	3
OTU_523	0	1	0	0	0	1	1	0	0	0	0	0	0	0	0	0	0	0	0	0	1	0	0	0	0	0	0
OTU_524	0	2	3	0	1	1	0	1	6	0	1	7	3	9	7	1	0	1	0	0	1	0	0	0	0	0	0
OTU_525	3	1	1	1	1	5	1	2	4	1	1	2	2	1	2	1	0	1	0	2	0	0	0	2	3	2	1
OTU_526	0	0	0	0	0	0	0	0	0	0	0	0	0	0	0	0	0	0	0	0	0	0	0	0	0	0	0
OTU_528	0	2	0	0	0	0	0	0	0	0	0	0	7	0	0	3	0	0	0	2	4	2	2	0	7	11	0
OTU_529	0	0	0	0	7	4	0	0	0	0	0	0	0	0	0	0	0	0	0	0	0	0	0	0	0	0	0
OTU_530	0	0	0	0	0	0	0	0	0	0	0	0	0	0	0	0	0	0	0	0	0	0	0	0	0	0	0
OTU_531	0	0	0	0	0	0	0	0	0	0	0	0	0	0	0	0	0	0	0	0	0	0	0	0	0	0	0
OTU_532	0	7	3	5	0	5	3	0	11	0	1	0	0	0	0	1	0	0	0	2	2	1	0	0	0	1	0
OTU_533	0	0	0	0	0	0	0	4	5	6	16	6	10	15	8	0	10	11	11	0	0	0	0	3	3	0	3
OTU_534	0	4	1	1	2	2	1	2	2	3	6	6	6	8	7	1	2	0	1	0	0	2	2	1	0	5	0
OTU_535	1	4	2	6	6	2	4	1	4	6	4	2	3	2	1	1	1	2	0	2	4	1	0	1	2	0	0
OTU_536	0	0	1	2	0	2	1	0	7	0	0	6	2	1	1	8	1	0	0	0	0	0	0	0	0	0	0
OTU_537	0	0	0	0	0	0	0	0	0	0	0	0	0	0	0	0	0	0	0	0	0	0	0	0	0	0	0
OTU_538	0	0	0	0	0	0	0	0	0	0	0	0	0	0	0	0	0	0	0	0	0	0	0	0	0	0	0
OTU_539	0	0	0	0	0	0	0	0	0	0	0	0	0	0	0	0	0	0	0	0	0	0	0	0	0	0	0
OTU_540	0	0	0	0	0	0	0	0	0	0	0	0	0	0	0	4	5	4	11	0	0	0	0	11	0	0	19
OTU_541	0	4	2	2	3	0	0	6	0	0	1	4	3	0	5	0	0	2	1	0	2	3	1	4	5	0	1
OTU_542	0	0	0	0	0	0	0	0	0	0	0	0	0	0	0	0	0	0	0	0	0	0	0	0	0	0	0
OTU_543	0	0	0	0	0	0	0	0	0	0	0	0	0	0	0	0	0	0	0	0	0	0	0	0	0	0	0
OTU_544	0	0	0	0	0	0	0	0	0	0	0	0	0	0	0	0	0	0	0	0	0	0	0	0	0	0	0
OTU_545	0	0	0	0	4	0	2	0	0	0	3	2	2	4	2	0	2	0	0	0	1	1	0	0	0	1	1
OTU_546	1	2	1	1	1	1	0	0	4	0	1	2	2	3	2	4	4	2	2	2	0	3	2	1	0	1	1
OTU_547	0	29	36	42	0	0	0	0	0	0	0	0	0	0	0	0	0	0	0	0	0	0	0	0	0	0	0
OTU_548	0	9	15	10	0	6	0	0	0	0	0	0	0	9	13	0	6	5	13	0	0	2	0	9	0	0	0
OTU_549	0	0	0	0	0	0	0	0	0	0	0	0	0	0	0	0	0	0	0	0	7	0	0	0	0	2	0
OTU_550	0	0	0	0	0	0	0	0	0	0	0	0	0	0	0	5	0	0	0	0	0	0	0	0	0	0	0
OTU_552	1	4	2	3	0	3	1	0	0	0	0	2	8	0	0	1	0	0	1	0	0	0	0	1	0	0	0
OTU_553	0	0	0	0	0	0	0	0	5	0	0	0	0	0	2	0	0	0	0	0	0	0	0	4	0	0	0
OTU_554	0	2	0	0	0	0	0	0	4	0	0	0	0	1	0	0	0	0	0	0	1	0	0	0	2	0	0
OTU_555	3	2	0	6	2	1	2	4	5	0	0	0	0	0	0	0	0	0	0	2	3	0	3	0	0	0	0
OTU_556	0	0	5	0	0	0	0	0	0	0	6	0	0	0	0	0	0	0	0	0	1	2	1	1	0	0	0
OTU_557	0	0	0	0	0	0	0	6	0	30	0	8	0	21	16	7	0	0	0	0	0	0	0	7	10	5	2
OTU_558	0	5	1	0	8	3	5	6	4	1	3	3	1	0	1	1	0	0	2	0	1	3	1	1	2	2	1
OTU_559	0	0	0	0	0	0	0	0	0	0	0	0	0	0	0	0	0	0	0	0	0	0	0	12	0	0	0
OTU_560	0	0	0	0	0	0	0	0	0	0	0	0	0	0	0	0	0	0	0	0	0	0	0	0	0	0	0
OTU_561	0	0	0	0	0	0	0	0	0	0	0	0	0	0	0	0	0	0	0	0	0	0	0	0	0	0	0
OTU_562	0	0	0	0	0	0	0	0	0	0	0	11	15	10	0	0	0	0	0	0	0	0	0	2	12	19	4
OTU_563	0	1	2	0	0	0	0	1	0	10	0	1	0	2	5	3	0	1	0	3	2	0	0	0	0	0	0
OTU_564	0	1	1	1	2	3	0	0	2	0	0	0	3	3	1	0	0	0	0	0	0	2	0	0	0	1	0
OTU_565	0	0	0	0	0	0	2	0	0	0	0	0	0	0	0	0	0	3	0	0	0	0	0	3	0	0	0
OTU_566	0	0	0	0	0	0	0	0	0	0	0	0	0	0	0	0	0	0	0	0	0	0	0	0	0	0	0
OTU_567	0	0	0	0	0	0	0	7	13	15	0	8	18	0	14	5	0	4	0	0	0	0	0	4	0	16	0
OTU_568	14	0	0	0	0	0	0	0	0	0	0	0	0	0	0	0	0	0	0	0	0	0	0	0	0	0	0
OTU_569	0	1	1	1	3	2	3	3	1	0	0	0	0	1	0	0	0	0	0	1	2	0	2	0	0	0	0
OTU_570	0	5	0	0	0	0	0	0	0	0	0	7	4	0	0	0	0	3	0	3	0	0	1	0	14	2	0
OTU_571	1	5	4	2	3	1	3	0	1	0	1	2	1	1	2	3	1	1	1	0	0	1	0	0	2	1	2
OTU_572	0	0	0	0	0	0	0	0	0	0	0	0	0	0	0	0	0	0	0	0	0	0	0	0	0	0	0
OTU_573	0	2	2	2	1	2	4	4	5	1	3	0	0	3	0	0	0	0	3	2	5	0	1	0	0	4	0
OTU_574	0	6	6	1	1	4	0	5	4	3	1	0	0	0	3	0	0	0	0	7	2	2	3	1	0	1	0
OTU_575	0	3	0	0	1	0	1	2	0	0	1	1	2	2	6	1	1	0	0	1	1	0	0	2	2	2	1
OTU_576	6	0	0	0	0	0	0	0	0	0	4	0	0	0	5	0	4	0	0	0	0	0	0	5	0	0	6
OTU_578	0	0	0	0	0	0	0	0	0	0	0	0	0	0	0	0	0	0	0	0	0	0	0	0	0	0	0
OTU_579	0	0	0	0	0	0	0	0	0	0	0	0	0	0	0	0	0	0	0	0	0	0	0	0	0	0	0
OTU_580	0	0	0	0	0	0	0	0	0	0	0	0	0	0	0	0	0	0	0	0	0	0	0	0	0	0	0
OTU_581	0	1	0	1	1	2	2	0	0	0	0	0	0	0	3	0	0	0	0	1	0	0	0	0	0	0	0
OTU_582	0	0	0	0	0	0	0	0	0	0	0	0	19	0	0	0	0	0	0	0	0	0	0	0	0	0	0
OTU_584	0	0	0	0	0	0	0	0	0	0	0	0	16	13	0	0	0	0	0	0	0	0	0	0	0	0	0
OTU_585	0	5	4	5	2	2	2	0	2	3	1	3	0	0	1	0	0	0	0	2	2	1	6	0	0	0	0
OTU_586	0	0	0	0	0	0	0	0	0	0	0	0	0	0	0	0	0	0	0	0	0	0	0	0	0	0	0
OTU_587	1	1	2	2	1	1	2	1	1	1	0	0	0	0	2	0	1	0	1	0	0	1	1	0	2	1	0
OTU_588	0	0	0	0	0	0	0	0	0	0	0	0	0	0	0	0	0	0	0	0	0	0	0	0	0	0	0
OTU_590	0	1	1	4	0	3	0	2	6	0	4	0	0	0	2	1	0	0	0	9	0	2	1	0	0	1	2
OTU_592	0	0	0	0	0	0	0	0	0	0	9	14	14	23	6	0	0	0	9	0	0	0	0	0	14	7	0
OTU_593	0	0	0	0	0	0	0	0	0	0	0	0	0	0	0	0	0	0	0	0	0	0	0	0	0	0	0
OTU_594	1	1	3	2	0	0	2	2	1	0	0	2	3	1	0	1	0	0	1	1	1	0	0	0	0	1	0
OTU_595	0	2	0	0	0	1	0	4	1	0	0	1	0	0	1	1	1	1	0	0	2	1	0	0	0	1	2
OTU_596	0	0	0	0	0	0	0	0	0	0	0	0	18	0	5	0	0	0	0	0	0	0	0	0	0	0	0
OTU_598	2	0	5	0	0	0	0	1	0	0	0	0	0	0	3	0	0	0	0	0	0	0	0	0	0	0	0
OTU_599	0	0	0	2	2	0	0	5	0	0	0	0	0	1	0	0	0	0	0	0	0	0	0	0	0	0	0
OTU_603	4	0	0	6	3	0	0	0	0	7	3	0	0	6	2	0	0	0	0	3	3	2	1	0	0	4	0
OTU_605	0	0	0	0	0	0	0	0	0	0	0	0	0	0	0	0	0	0	0	0	0	0	0	0	0	0	0
OTU_607	0	0	0	0	0	0	0	0	0	0	0	0	0	0	0	0	0	0	0	0	0	0	0	0	0	0	0
OTU_614	0	0	0	0	0	0	0	0	0	0	0	0	0	0	0	0	0	0	0	0	0	0	0	11	0	10	0
OTU_626	0	0	0	0	0	0	0	0	0	0	0	5	0	0	0	0	0	0	0	0	0	0	0	0	0	0	0
OTU_642	0	0	0	0	0	0	0	0	0	0	0	0	8	10	0	0	0	0	0	0	0	0	0	0	0	0	0
OTU_651	0	0	0	0	0	0	0	0	0	0	0	0	0	0	0	0	0	0	0	0	0	0	0	0	121	0	0
OTU_663	0	0	0	0	0	0	0	0	0	0	0	0	0	0	0	0	0	0	0	0	0	0	0	0	0	0	0
OTU_680	0	0	0	0	0	0	0	0	0	0	0	0	0	0	0	0	0	0	0	0	0	0	0	0	0	0	0
OTU_714	2	0	0	0	0	4	4	0	2	0	0	0	3	3	0	0	0	0	0	0	0	2	0	0	2	0	0
